{
  "cells": [
    {
      "cell_type": "markdown",
      "metadata": {
        "id": "view-in-github",
        "colab_type": "text"
      },
      "source": [
        "<a href=\"https://colab.research.google.com/github/aryan-cs/poker-like-games/blob/discrete-poker/discrete_poker_games.ipynb\" target=\"_parent\"><img src=\"https://colab.research.google.com/assets/colab-badge.svg\" alt=\"Open In Colab\"/></a>"
      ]
    },
    {
      "cell_type": "markdown",
      "metadata": {
        "id": "MwXsNkey1NUn"
      },
      "source": [
        "# 0. Setup\n",
        "Run this cell to set up some helpful tools."
      ]
    },
    {
      "cell_type": "code",
      "execution_count": 37,
      "metadata": {
        "id": "SoSRT7vOqOYn"
      },
      "outputs": [],
      "source": [
        "import time\n",
        "import pandas as pd\n",
        "import plotly.graph_objects as go\n",
        "import numpy as np\n",
        "from rich.console import Console\n",
        "from rich.table import Table\n",
        "\n",
        "log_data = []\n",
        "P1 = True\n",
        "P2 = True\n",
        "\n",
        "# First player has n options, second player has n - 1 options (picking without replacement)\n",
        "def nCr(n): return n * (n - 1) # / 2\n",
        "\n",
        "# Saving -- irrelevant\n",
        "def log(p1_cutoff, p2_cutoff, p1_expected_payout, p2_expected_payout, time_taken, verbose=True):\n",
        "    log_data.append({\n",
        "        'p1_cutoff': p1_cutoff,\n",
        "        'p2_cutoff': p2_cutoff,\n",
        "        'p1_expected_payout': p1_expected_payout,\n",
        "        'p2_expected_payout': p2_expected_payout,\n",
        "        'time_taken': time_taken\n",
        "    })\n",
        "\n",
        "    message = '''\n",
        "P1 Cutoff: {0}\n",
        "P2 Cutoff: {1}\n",
        "P1 Payout: {2:.5f}\n",
        "P2 Payout: {3:.5f}\n",
        "Executed in {4:.5f} seconds\n",
        "'''.format(p1_cutoff,\n",
        "            p2_cutoff,\n",
        "            p1_expected_payout,\n",
        "            p2_expected_payout,\n",
        "            time_taken)\n",
        "\n",
        "    if verbose: boxed(message)\n",
        "\n",
        "# Visual appeal -- irrelevant\n",
        "def boxed(text):\n",
        "    lines = text.splitlines()\n",
        "    if lines and lines[0] == \"\": lines = lines[1:]\n",
        "    if not lines: return\n",
        "\n",
        "    max_width = max(map(len, lines))\n",
        "\n",
        "    print(\"┌\" + \"─\" * (max_width + 2) + \"┐\")\n",
        "    for line in lines:\n",
        "      print(f\"│ {line.ljust(max_width)} │\")\n",
        "    print(\"└\" + \"─\" * (max_width + 2) + \"┘\")\n",
        "\n",
        "# Graphing -- irrelevant\n",
        "def graph_3D(p1=False, p2=False):\n",
        "    df = pd.DataFrame(log_data)\n",
        "    fig = go.Figure()\n",
        "\n",
        "    if p1:\n",
        "        fig.add_trace(go.Scatter3d(\n",
        "            x=df['p1_cutoff'],\n",
        "            y=df['p2_cutoff'],\n",
        "            z=df['p1_expected_payout'],\n",
        "            mode='markers',\n",
        "            marker=dict(color='blue', size=4),\n",
        "            name='Player 1'\n",
        "        ))\n",
        "\n",
        "    if p2:\n",
        "        fig.add_trace(go.Scatter3d(\n",
        "            x=df['p1_cutoff'],\n",
        "            y=df['p2_cutoff'],\n",
        "            z=df['p2_expected_payout'],\n",
        "            mode='markers',\n",
        "            marker=dict(color='red', size=4),\n",
        "            name='Player 2'\n",
        "        ))\n",
        "\n",
        "    fig.update_layout(\n",
        "        title='Payouts as a function of Cutoffs | Scatter',\n",
        "        scene=dict(\n",
        "            xaxis_title='P1 Cutoff',\n",
        "            yaxis_title='P2 Cutoff',\n",
        "            zaxis_title='Payout'\n",
        "        ),\n",
        "        showlegend=True\n",
        "    )\n",
        "\n",
        "    fig.show()\n",
        "\n",
        "# Graphing -- irrelevant\n",
        "def graph_contour(p1=False, p2=False):\n",
        "    df = pd.DataFrame(log_data).groupby(['p1_cutoff', 'p2_cutoff'], as_index=False).mean()\n",
        "    fig = go.Figure()\n",
        "    x = np.unique(df['p1_cutoff'])\n",
        "    y = np.unique(df['p2_cutoff'])\n",
        "    X, Y = np.meshgrid(x, y)\n",
        "\n",
        "    if p1:\n",
        "        Z1 = df.pivot_table(\n",
        "            index='p2_cutoff',\n",
        "            columns='p1_cutoff',\n",
        "            values='p1_expected_payout').values\n",
        "        fig.add_trace(go.Surface(x=X, y=Y, z=Z1,\n",
        "                                 colorscale='Blues',\n",
        "                                 opacity=0.9,\n",
        "                                 name=\"Player 1 Payout\"))\n",
        "\n",
        "    if p2:\n",
        "        Z2 = df.pivot_table(\n",
        "            index='p2_cutoff',\n",
        "            columns='p1_cutoff',\n",
        "            values='p2_expected_payout').values\n",
        "        fig.add_trace(go.Surface(x=X, y=Y, z=Z2,\n",
        "                                 colorscale='Reds',\n",
        "                                 opacity=0.9,\n",
        "                                 name=\"Player 2 Payout\"))\n",
        "\n",
        "    fig.update_layout(\n",
        "        title='Payouts as a function of Cutoffs | Contour',\n",
        "        scene=dict(\n",
        "            xaxis_title='P1 Cutoff',\n",
        "            yaxis_title='P2 Cutoff',\n",
        "            zaxis_title='Payout'\n",
        "        ),\n",
        "        showlegend=True\n",
        "    )\n",
        "    fig.show()\n",
        "\n",
        "def printTable(p1=False, p2=False):\n",
        "    console = Console()\n",
        "    df = pd.DataFrame(log_data).groupby(['p1_cutoff', 'p2_cutoff'], as_index=False).mean()\n",
        "\n",
        "    if p1:\n",
        "        pivot = df.pivot(index='p1_cutoff', columns='p2_cutoff', values='p1_expected_payout')\n",
        "        title = \"P1 Expected Payout\"\n",
        "    elif p2:\n",
        "        pivot = df.pivot(index='p1_cutoff', columns='p2_cutoff', values='p2_expected_payout')\n",
        "        title = \"P2 Expected Payout\"\n",
        "    else:\n",
        "        print(\"Please specify either p1=True or p2=True\")\n",
        "        return\n",
        "\n",
        "    table = Table(title=title, show_lines=True, padding=(0,1), collapse_padding=True)\n",
        "\n",
        "    # Add column for P1 Cutoff\n",
        "    table.add_column(\"P1 Cutoff/P2 Cutoff\", style=\"cyan\", justify=\"right\")\n",
        "\n",
        "    # Add columns for each P2 Cutoff\n",
        "    for col in pivot.columns:\n",
        "        table.add_column(f\"{col}\", style=\"green\", justify=\"right\")\n",
        "\n",
        "    # Add rows\n",
        "    for idx, row in pivot.iterrows():\n",
        "        table_row = [f\"{idx:.2f}\"] + [f\"{val:.5f}\" if pd.notnull(val) else \"-\" for val in row]\n",
        "        table.add_row(*table_row, end_section=True)\n",
        "\n",
        "    console.print(table)\n",
        "# Exporting -- irrelevant\n",
        "def save():\n",
        "    df = pd.DataFrame(log_data)\n",
        "    df.to_csv('data.csv', index=False)\n",
        "    print(\"\\nLog data saved.\")\n"
      ]
    },
    {
      "cell_type": "markdown",
      "metadata": {
        "id": "7VS4Pzz_1cWE"
      },
      "source": [
        "# 1. Simulation\n",
        "Simulating payoffs for various cutoff combinations."
      ]
    },
    {
      "cell_type": "code",
      "execution_count": 41,
      "metadata": {
        "colab": {
          "base_uri": "https://localhost:8080/",
          "height": 1000
        },
        "id": "CIzfwzFqcAAr",
        "outputId": "4ced996d-4209-452e-c425-202d5d096880"
      },
      "outputs": [
        {
          "output_type": "stream",
          "name": "stdout",
          "text": [
            "Executed all iterations in 0.002 seconds.\n",
            "\n"
          ]
        },
        {
          "output_type": "display_data",
          "data": {
            "text/html": [
              "<html>\n",
              "<head><meta charset=\"utf-8\" /></head>\n",
              "<body>\n",
              "    <div>            <script src=\"https://cdnjs.cloudflare.com/ajax/libs/mathjax/2.7.5/MathJax.js?config=TeX-AMS-MML_SVG\"></script><script type=\"text/javascript\">if (window.MathJax && window.MathJax.Hub && window.MathJax.Hub.Config) {window.MathJax.Hub.Config({SVG: {font: \"STIX-Web\"}});}</script>                <script type=\"text/javascript\">window.PlotlyConfig = {MathJaxConfig: 'local'};</script>\n",
              "        <script charset=\"utf-8\" src=\"https://cdn.plot.ly/plotly-2.35.2.min.js\"></script>                <div id=\"0a896623-50e4-495f-8b6e-de2b0247292a\" class=\"plotly-graph-div\" style=\"height:525px; width:100%;\"></div>            <script type=\"text/javascript\">                                    window.PLOTLYENV=window.PLOTLYENV || {};                                    if (document.getElementById(\"0a896623-50e4-495f-8b6e-de2b0247292a\")) {                    Plotly.newPlot(                        \"0a896623-50e4-495f-8b6e-de2b0247292a\",                        [{\"marker\":{\"color\":\"blue\",\"size\":4},\"mode\":\"markers\",\"name\":\"Player 1\",\"x\":[1,1,1,1,1,1,1,1,1,1,2,2,2,2,2,2,2,2,2,2,3,3,3,3,3,3,3,3,3,3,4,4,4,4,4,4,4,4,4,4,5,5,5,5,5,5,5,5,5,5,6,6,6,6,6,6,6,6,6,6,7,7,7,7,7,7,7,7,7,7,8,8,8,8,8,8,8,8,8,8,9,9,9,9,9,9,9,9,9,9,10,10,10,10,10,10,10,10,10,10],\"y\":[1,2,3,4,5,6,7,8,9,10,1,2,3,4,5,6,7,8,9,10,1,2,3,4,5,6,7,8,9,10,1,2,3,4,5,6,7,8,9,10,1,2,3,4,5,6,7,8,9,10,1,2,3,4,5,6,7,8,9,10,1,2,3,4,5,6,7,8,9,10,1,2,3,4,5,6,7,8,9,10,1,2,3,4,5,6,7,8,9,10,1,2,3,4,5,6,7,8,9,10],\"z\":[0.0,-0.1,-0.15555555555555556,-0.16666666666666666,-0.13333333333333333,-0.05555555555555555,0.06666666666666667,0.23333333333333334,0.4444444444444444,0.7,0.1,0.0,-0.08888888888888889,-0.13333333333333333,-0.13333333333333333,-0.08888888888888889,0.0,0.13333333333333333,0.3111111111111111,0.5333333333333333,0.15555555555555556,0.08888888888888889,0.0,-0.07777777777777778,-0.1111111111111111,-0.1,-0.044444444444444446,0.05555555555555555,0.2,0.3888888888888889,0.16666666666666666,0.13333333333333333,0.07777777777777778,0.0,-0.06666666666666667,-0.08888888888888889,-0.06666666666666667,0.0,0.1111111111111111,0.26666666666666666,0.13333333333333333,0.13333333333333333,0.1111111111111111,0.06666666666666667,0.0,-0.05555555555555555,-0.06666666666666667,-0.03333333333333333,0.044444444444444446,0.16666666666666666,0.05555555555555555,0.08888888888888889,0.1,0.08888888888888889,0.05555555555555555,0.0,-0.044444444444444446,-0.044444444444444446,0.0,0.08888888888888889,-0.06666666666666667,0.0,0.044444444444444446,0.06666666666666667,0.06666666666666667,0.044444444444444446,0.0,-0.03333333333333333,-0.022222222222222223,0.03333333333333333,-0.23333333333333334,-0.13333333333333333,-0.05555555555555555,0.0,0.03333333333333333,0.044444444444444446,0.03333333333333333,0.0,-0.022222222222222223,0.0,-0.4444444444444444,-0.3111111111111111,-0.2,-0.1111111111111111,-0.044444444444444446,0.0,0.022222222222222223,0.022222222222222223,0.0,-0.011111111111111112,-0.7,-0.5333333333333333,-0.3888888888888889,-0.26666666666666666,-0.16666666666666666,-0.08888888888888889,-0.03333333333333333,0.0,0.011111111111111112,0.0],\"type\":\"scatter3d\"}],                        {\"template\":{\"data\":{\"histogram2dcontour\":[{\"type\":\"histogram2dcontour\",\"colorbar\":{\"outlinewidth\":0,\"ticks\":\"\"},\"colorscale\":[[0.0,\"#0d0887\"],[0.1111111111111111,\"#46039f\"],[0.2222222222222222,\"#7201a8\"],[0.3333333333333333,\"#9c179e\"],[0.4444444444444444,\"#bd3786\"],[0.5555555555555556,\"#d8576b\"],[0.6666666666666666,\"#ed7953\"],[0.7777777777777778,\"#fb9f3a\"],[0.8888888888888888,\"#fdca26\"],[1.0,\"#f0f921\"]]}],\"choropleth\":[{\"type\":\"choropleth\",\"colorbar\":{\"outlinewidth\":0,\"ticks\":\"\"}}],\"histogram2d\":[{\"type\":\"histogram2d\",\"colorbar\":{\"outlinewidth\":0,\"ticks\":\"\"},\"colorscale\":[[0.0,\"#0d0887\"],[0.1111111111111111,\"#46039f\"],[0.2222222222222222,\"#7201a8\"],[0.3333333333333333,\"#9c179e\"],[0.4444444444444444,\"#bd3786\"],[0.5555555555555556,\"#d8576b\"],[0.6666666666666666,\"#ed7953\"],[0.7777777777777778,\"#fb9f3a\"],[0.8888888888888888,\"#fdca26\"],[1.0,\"#f0f921\"]]}],\"heatmap\":[{\"type\":\"heatmap\",\"colorbar\":{\"outlinewidth\":0,\"ticks\":\"\"},\"colorscale\":[[0.0,\"#0d0887\"],[0.1111111111111111,\"#46039f\"],[0.2222222222222222,\"#7201a8\"],[0.3333333333333333,\"#9c179e\"],[0.4444444444444444,\"#bd3786\"],[0.5555555555555556,\"#d8576b\"],[0.6666666666666666,\"#ed7953\"],[0.7777777777777778,\"#fb9f3a\"],[0.8888888888888888,\"#fdca26\"],[1.0,\"#f0f921\"]]}],\"heatmapgl\":[{\"type\":\"heatmapgl\",\"colorbar\":{\"outlinewidth\":0,\"ticks\":\"\"},\"colorscale\":[[0.0,\"#0d0887\"],[0.1111111111111111,\"#46039f\"],[0.2222222222222222,\"#7201a8\"],[0.3333333333333333,\"#9c179e\"],[0.4444444444444444,\"#bd3786\"],[0.5555555555555556,\"#d8576b\"],[0.6666666666666666,\"#ed7953\"],[0.7777777777777778,\"#fb9f3a\"],[0.8888888888888888,\"#fdca26\"],[1.0,\"#f0f921\"]]}],\"contourcarpet\":[{\"type\":\"contourcarpet\",\"colorbar\":{\"outlinewidth\":0,\"ticks\":\"\"}}],\"contour\":[{\"type\":\"contour\",\"colorbar\":{\"outlinewidth\":0,\"ticks\":\"\"},\"colorscale\":[[0.0,\"#0d0887\"],[0.1111111111111111,\"#46039f\"],[0.2222222222222222,\"#7201a8\"],[0.3333333333333333,\"#9c179e\"],[0.4444444444444444,\"#bd3786\"],[0.5555555555555556,\"#d8576b\"],[0.6666666666666666,\"#ed7953\"],[0.7777777777777778,\"#fb9f3a\"],[0.8888888888888888,\"#fdca26\"],[1.0,\"#f0f921\"]]}],\"surface\":[{\"type\":\"surface\",\"colorbar\":{\"outlinewidth\":0,\"ticks\":\"\"},\"colorscale\":[[0.0,\"#0d0887\"],[0.1111111111111111,\"#46039f\"],[0.2222222222222222,\"#7201a8\"],[0.3333333333333333,\"#9c179e\"],[0.4444444444444444,\"#bd3786\"],[0.5555555555555556,\"#d8576b\"],[0.6666666666666666,\"#ed7953\"],[0.7777777777777778,\"#fb9f3a\"],[0.8888888888888888,\"#fdca26\"],[1.0,\"#f0f921\"]]}],\"mesh3d\":[{\"type\":\"mesh3d\",\"colorbar\":{\"outlinewidth\":0,\"ticks\":\"\"}}],\"scatter\":[{\"fillpattern\":{\"fillmode\":\"overlay\",\"size\":10,\"solidity\":0.2},\"type\":\"scatter\"}],\"parcoords\":[{\"type\":\"parcoords\",\"line\":{\"colorbar\":{\"outlinewidth\":0,\"ticks\":\"\"}}}],\"scatterpolargl\":[{\"type\":\"scatterpolargl\",\"marker\":{\"colorbar\":{\"outlinewidth\":0,\"ticks\":\"\"}}}],\"bar\":[{\"error_x\":{\"color\":\"#2a3f5f\"},\"error_y\":{\"color\":\"#2a3f5f\"},\"marker\":{\"line\":{\"color\":\"#E5ECF6\",\"width\":0.5},\"pattern\":{\"fillmode\":\"overlay\",\"size\":10,\"solidity\":0.2}},\"type\":\"bar\"}],\"scattergeo\":[{\"type\":\"scattergeo\",\"marker\":{\"colorbar\":{\"outlinewidth\":0,\"ticks\":\"\"}}}],\"scatterpolar\":[{\"type\":\"scatterpolar\",\"marker\":{\"colorbar\":{\"outlinewidth\":0,\"ticks\":\"\"}}}],\"histogram\":[{\"marker\":{\"pattern\":{\"fillmode\":\"overlay\",\"size\":10,\"solidity\":0.2}},\"type\":\"histogram\"}],\"scattergl\":[{\"type\":\"scattergl\",\"marker\":{\"colorbar\":{\"outlinewidth\":0,\"ticks\":\"\"}}}],\"scatter3d\":[{\"type\":\"scatter3d\",\"line\":{\"colorbar\":{\"outlinewidth\":0,\"ticks\":\"\"}},\"marker\":{\"colorbar\":{\"outlinewidth\":0,\"ticks\":\"\"}}}],\"scattermapbox\":[{\"type\":\"scattermapbox\",\"marker\":{\"colorbar\":{\"outlinewidth\":0,\"ticks\":\"\"}}}],\"scatterternary\":[{\"type\":\"scatterternary\",\"marker\":{\"colorbar\":{\"outlinewidth\":0,\"ticks\":\"\"}}}],\"scattercarpet\":[{\"type\":\"scattercarpet\",\"marker\":{\"colorbar\":{\"outlinewidth\":0,\"ticks\":\"\"}}}],\"carpet\":[{\"aaxis\":{\"endlinecolor\":\"#2a3f5f\",\"gridcolor\":\"white\",\"linecolor\":\"white\",\"minorgridcolor\":\"white\",\"startlinecolor\":\"#2a3f5f\"},\"baxis\":{\"endlinecolor\":\"#2a3f5f\",\"gridcolor\":\"white\",\"linecolor\":\"white\",\"minorgridcolor\":\"white\",\"startlinecolor\":\"#2a3f5f\"},\"type\":\"carpet\"}],\"table\":[{\"cells\":{\"fill\":{\"color\":\"#EBF0F8\"},\"line\":{\"color\":\"white\"}},\"header\":{\"fill\":{\"color\":\"#C8D4E3\"},\"line\":{\"color\":\"white\"}},\"type\":\"table\"}],\"barpolar\":[{\"marker\":{\"line\":{\"color\":\"#E5ECF6\",\"width\":0.5},\"pattern\":{\"fillmode\":\"overlay\",\"size\":10,\"solidity\":0.2}},\"type\":\"barpolar\"}],\"pie\":[{\"automargin\":true,\"type\":\"pie\"}]},\"layout\":{\"autotypenumbers\":\"strict\",\"colorway\":[\"#636efa\",\"#EF553B\",\"#00cc96\",\"#ab63fa\",\"#FFA15A\",\"#19d3f3\",\"#FF6692\",\"#B6E880\",\"#FF97FF\",\"#FECB52\"],\"font\":{\"color\":\"#2a3f5f\"},\"hovermode\":\"closest\",\"hoverlabel\":{\"align\":\"left\"},\"paper_bgcolor\":\"white\",\"plot_bgcolor\":\"#E5ECF6\",\"polar\":{\"bgcolor\":\"#E5ECF6\",\"angularaxis\":{\"gridcolor\":\"white\",\"linecolor\":\"white\",\"ticks\":\"\"},\"radialaxis\":{\"gridcolor\":\"white\",\"linecolor\":\"white\",\"ticks\":\"\"}},\"ternary\":{\"bgcolor\":\"#E5ECF6\",\"aaxis\":{\"gridcolor\":\"white\",\"linecolor\":\"white\",\"ticks\":\"\"},\"baxis\":{\"gridcolor\":\"white\",\"linecolor\":\"white\",\"ticks\":\"\"},\"caxis\":{\"gridcolor\":\"white\",\"linecolor\":\"white\",\"ticks\":\"\"}},\"coloraxis\":{\"colorbar\":{\"outlinewidth\":0,\"ticks\":\"\"}},\"colorscale\":{\"sequential\":[[0.0,\"#0d0887\"],[0.1111111111111111,\"#46039f\"],[0.2222222222222222,\"#7201a8\"],[0.3333333333333333,\"#9c179e\"],[0.4444444444444444,\"#bd3786\"],[0.5555555555555556,\"#d8576b\"],[0.6666666666666666,\"#ed7953\"],[0.7777777777777778,\"#fb9f3a\"],[0.8888888888888888,\"#fdca26\"],[1.0,\"#f0f921\"]],\"sequentialminus\":[[0.0,\"#0d0887\"],[0.1111111111111111,\"#46039f\"],[0.2222222222222222,\"#7201a8\"],[0.3333333333333333,\"#9c179e\"],[0.4444444444444444,\"#bd3786\"],[0.5555555555555556,\"#d8576b\"],[0.6666666666666666,\"#ed7953\"],[0.7777777777777778,\"#fb9f3a\"],[0.8888888888888888,\"#fdca26\"],[1.0,\"#f0f921\"]],\"diverging\":[[0,\"#8e0152\"],[0.1,\"#c51b7d\"],[0.2,\"#de77ae\"],[0.3,\"#f1b6da\"],[0.4,\"#fde0ef\"],[0.5,\"#f7f7f7\"],[0.6,\"#e6f5d0\"],[0.7,\"#b8e186\"],[0.8,\"#7fbc41\"],[0.9,\"#4d9221\"],[1,\"#276419\"]]},\"xaxis\":{\"gridcolor\":\"white\",\"linecolor\":\"white\",\"ticks\":\"\",\"title\":{\"standoff\":15},\"zerolinecolor\":\"white\",\"automargin\":true,\"zerolinewidth\":2},\"yaxis\":{\"gridcolor\":\"white\",\"linecolor\":\"white\",\"ticks\":\"\",\"title\":{\"standoff\":15},\"zerolinecolor\":\"white\",\"automargin\":true,\"zerolinewidth\":2},\"scene\":{\"xaxis\":{\"backgroundcolor\":\"#E5ECF6\",\"gridcolor\":\"white\",\"linecolor\":\"white\",\"showbackground\":true,\"ticks\":\"\",\"zerolinecolor\":\"white\",\"gridwidth\":2},\"yaxis\":{\"backgroundcolor\":\"#E5ECF6\",\"gridcolor\":\"white\",\"linecolor\":\"white\",\"showbackground\":true,\"ticks\":\"\",\"zerolinecolor\":\"white\",\"gridwidth\":2},\"zaxis\":{\"backgroundcolor\":\"#E5ECF6\",\"gridcolor\":\"white\",\"linecolor\":\"white\",\"showbackground\":true,\"ticks\":\"\",\"zerolinecolor\":\"white\",\"gridwidth\":2}},\"shapedefaults\":{\"line\":{\"color\":\"#2a3f5f\"}},\"annotationdefaults\":{\"arrowcolor\":\"#2a3f5f\",\"arrowhead\":0,\"arrowwidth\":1},\"geo\":{\"bgcolor\":\"white\",\"landcolor\":\"#E5ECF6\",\"subunitcolor\":\"white\",\"showland\":true,\"showlakes\":true,\"lakecolor\":\"white\"},\"title\":{\"x\":0.05},\"mapbox\":{\"style\":\"light\"}}},\"title\":{\"text\":\"Payouts as a function of Cutoffs | Scatter\"},\"scene\":{\"xaxis\":{\"title\":{\"text\":\"P1 Cutoff\"}},\"yaxis\":{\"title\":{\"text\":\"P2 Cutoff\"}},\"zaxis\":{\"title\":{\"text\":\"Payout\"}}},\"showlegend\":true},                        {\"responsive\": true}                    ).then(function(){\n",
              "                            \n",
              "var gd = document.getElementById('0a896623-50e4-495f-8b6e-de2b0247292a');\n",
              "var x = new MutationObserver(function (mutations, observer) {{\n",
              "        var display = window.getComputedStyle(gd).display;\n",
              "        if (!display || display === 'none') {{\n",
              "            console.log([gd, 'removed!']);\n",
              "            Plotly.purge(gd);\n",
              "            observer.disconnect();\n",
              "        }}\n",
              "}});\n",
              "\n",
              "// Listen for the removal of the full notebook cells\n",
              "var notebookContainer = gd.closest('#notebook-container');\n",
              "if (notebookContainer) {{\n",
              "    x.observe(notebookContainer, {childList: true});\n",
              "}}\n",
              "\n",
              "// Listen for the clearing of the current output cell\n",
              "var outputEl = gd.closest('.output');\n",
              "if (outputEl) {{\n",
              "    x.observe(outputEl, {childList: true});\n",
              "}}\n",
              "\n",
              "                        })                };                            </script>        </div>\n",
              "</body>\n",
              "</html>"
            ]
          },
          "metadata": {}
        },
        {
          "output_type": "display_data",
          "data": {
            "text/html": [
              "<html>\n",
              "<head><meta charset=\"utf-8\" /></head>\n",
              "<body>\n",
              "    <div>            <script src=\"https://cdnjs.cloudflare.com/ajax/libs/mathjax/2.7.5/MathJax.js?config=TeX-AMS-MML_SVG\"></script><script type=\"text/javascript\">if (window.MathJax && window.MathJax.Hub && window.MathJax.Hub.Config) {window.MathJax.Hub.Config({SVG: {font: \"STIX-Web\"}});}</script>                <script type=\"text/javascript\">window.PlotlyConfig = {MathJaxConfig: 'local'};</script>\n",
              "        <script charset=\"utf-8\" src=\"https://cdn.plot.ly/plotly-2.35.2.min.js\"></script>                <div id=\"1f75e7b3-f727-4865-a445-0fd282a96fda\" class=\"plotly-graph-div\" style=\"height:525px; width:100%;\"></div>            <script type=\"text/javascript\">                                    window.PLOTLYENV=window.PLOTLYENV || {};                                    if (document.getElementById(\"1f75e7b3-f727-4865-a445-0fd282a96fda\")) {                    Plotly.newPlot(                        \"1f75e7b3-f727-4865-a445-0fd282a96fda\",                        [{\"colorscale\":[[0.0,\"rgb(247,251,255)\"],[0.125,\"rgb(222,235,247)\"],[0.25,\"rgb(198,219,239)\"],[0.375,\"rgb(158,202,225)\"],[0.5,\"rgb(107,174,214)\"],[0.625,\"rgb(66,146,198)\"],[0.75,\"rgb(33,113,181)\"],[0.875,\"rgb(8,81,156)\"],[1.0,\"rgb(8,48,107)\"]],\"name\":\"Player 1 Payout\",\"opacity\":0.9,\"x\":[[1,2,3,4,5,6,7,8,9,10],[1,2,3,4,5,6,7,8,9,10],[1,2,3,4,5,6,7,8,9,10],[1,2,3,4,5,6,7,8,9,10],[1,2,3,4,5,6,7,8,9,10],[1,2,3,4,5,6,7,8,9,10],[1,2,3,4,5,6,7,8,9,10],[1,2,3,4,5,6,7,8,9,10],[1,2,3,4,5,6,7,8,9,10],[1,2,3,4,5,6,7,8,9,10]],\"y\":[[1,1,1,1,1,1,1,1,1,1],[2,2,2,2,2,2,2,2,2,2],[3,3,3,3,3,3,3,3,3,3],[4,4,4,4,4,4,4,4,4,4],[5,5,5,5,5,5,5,5,5,5],[6,6,6,6,6,6,6,6,6,6],[7,7,7,7,7,7,7,7,7,7],[8,8,8,8,8,8,8,8,8,8],[9,9,9,9,9,9,9,9,9,9],[10,10,10,10,10,10,10,10,10,10]],\"z\":[[0.0,0.1,0.15555555555555556,0.16666666666666666,0.13333333333333333,0.05555555555555555,-0.06666666666666667,-0.23333333333333334,-0.4444444444444444,-0.7],[-0.1,0.0,0.08888888888888889,0.13333333333333333,0.13333333333333333,0.08888888888888889,0.0,-0.13333333333333333,-0.3111111111111111,-0.5333333333333333],[-0.15555555555555556,-0.08888888888888889,0.0,0.07777777777777778,0.1111111111111111,0.1,0.044444444444444446,-0.05555555555555555,-0.2,-0.3888888888888889],[-0.16666666666666666,-0.13333333333333333,-0.07777777777777778,0.0,0.06666666666666667,0.08888888888888889,0.06666666666666667,0.0,-0.1111111111111111,-0.26666666666666666],[-0.13333333333333333,-0.13333333333333333,-0.1111111111111111,-0.06666666666666667,0.0,0.05555555555555555,0.06666666666666667,0.03333333333333333,-0.044444444444444446,-0.16666666666666666],[-0.05555555555555555,-0.08888888888888889,-0.1,-0.08888888888888889,-0.05555555555555555,0.0,0.044444444444444446,0.044444444444444446,0.0,-0.08888888888888889],[0.06666666666666667,0.0,-0.044444444444444446,-0.06666666666666667,-0.06666666666666667,-0.044444444444444446,0.0,0.03333333333333333,0.022222222222222223,-0.03333333333333333],[0.23333333333333334,0.13333333333333333,0.05555555555555555,0.0,-0.03333333333333333,-0.044444444444444446,-0.03333333333333333,0.0,0.022222222222222223,0.0],[0.4444444444444444,0.3111111111111111,0.2,0.1111111111111111,0.044444444444444446,0.0,-0.022222222222222223,-0.022222222222222223,0.0,0.011111111111111112],[0.7,0.5333333333333333,0.3888888888888889,0.26666666666666666,0.16666666666666666,0.08888888888888889,0.03333333333333333,0.0,-0.011111111111111112,0.0]],\"type\":\"surface\"}],                        {\"template\":{\"data\":{\"histogram2dcontour\":[{\"type\":\"histogram2dcontour\",\"colorbar\":{\"outlinewidth\":0,\"ticks\":\"\"},\"colorscale\":[[0.0,\"#0d0887\"],[0.1111111111111111,\"#46039f\"],[0.2222222222222222,\"#7201a8\"],[0.3333333333333333,\"#9c179e\"],[0.4444444444444444,\"#bd3786\"],[0.5555555555555556,\"#d8576b\"],[0.6666666666666666,\"#ed7953\"],[0.7777777777777778,\"#fb9f3a\"],[0.8888888888888888,\"#fdca26\"],[1.0,\"#f0f921\"]]}],\"choropleth\":[{\"type\":\"choropleth\",\"colorbar\":{\"outlinewidth\":0,\"ticks\":\"\"}}],\"histogram2d\":[{\"type\":\"histogram2d\",\"colorbar\":{\"outlinewidth\":0,\"ticks\":\"\"},\"colorscale\":[[0.0,\"#0d0887\"],[0.1111111111111111,\"#46039f\"],[0.2222222222222222,\"#7201a8\"],[0.3333333333333333,\"#9c179e\"],[0.4444444444444444,\"#bd3786\"],[0.5555555555555556,\"#d8576b\"],[0.6666666666666666,\"#ed7953\"],[0.7777777777777778,\"#fb9f3a\"],[0.8888888888888888,\"#fdca26\"],[1.0,\"#f0f921\"]]}],\"heatmap\":[{\"type\":\"heatmap\",\"colorbar\":{\"outlinewidth\":0,\"ticks\":\"\"},\"colorscale\":[[0.0,\"#0d0887\"],[0.1111111111111111,\"#46039f\"],[0.2222222222222222,\"#7201a8\"],[0.3333333333333333,\"#9c179e\"],[0.4444444444444444,\"#bd3786\"],[0.5555555555555556,\"#d8576b\"],[0.6666666666666666,\"#ed7953\"],[0.7777777777777778,\"#fb9f3a\"],[0.8888888888888888,\"#fdca26\"],[1.0,\"#f0f921\"]]}],\"heatmapgl\":[{\"type\":\"heatmapgl\",\"colorbar\":{\"outlinewidth\":0,\"ticks\":\"\"},\"colorscale\":[[0.0,\"#0d0887\"],[0.1111111111111111,\"#46039f\"],[0.2222222222222222,\"#7201a8\"],[0.3333333333333333,\"#9c179e\"],[0.4444444444444444,\"#bd3786\"],[0.5555555555555556,\"#d8576b\"],[0.6666666666666666,\"#ed7953\"],[0.7777777777777778,\"#fb9f3a\"],[0.8888888888888888,\"#fdca26\"],[1.0,\"#f0f921\"]]}],\"contourcarpet\":[{\"type\":\"contourcarpet\",\"colorbar\":{\"outlinewidth\":0,\"ticks\":\"\"}}],\"contour\":[{\"type\":\"contour\",\"colorbar\":{\"outlinewidth\":0,\"ticks\":\"\"},\"colorscale\":[[0.0,\"#0d0887\"],[0.1111111111111111,\"#46039f\"],[0.2222222222222222,\"#7201a8\"],[0.3333333333333333,\"#9c179e\"],[0.4444444444444444,\"#bd3786\"],[0.5555555555555556,\"#d8576b\"],[0.6666666666666666,\"#ed7953\"],[0.7777777777777778,\"#fb9f3a\"],[0.8888888888888888,\"#fdca26\"],[1.0,\"#f0f921\"]]}],\"surface\":[{\"type\":\"surface\",\"colorbar\":{\"outlinewidth\":0,\"ticks\":\"\"},\"colorscale\":[[0.0,\"#0d0887\"],[0.1111111111111111,\"#46039f\"],[0.2222222222222222,\"#7201a8\"],[0.3333333333333333,\"#9c179e\"],[0.4444444444444444,\"#bd3786\"],[0.5555555555555556,\"#d8576b\"],[0.6666666666666666,\"#ed7953\"],[0.7777777777777778,\"#fb9f3a\"],[0.8888888888888888,\"#fdca26\"],[1.0,\"#f0f921\"]]}],\"mesh3d\":[{\"type\":\"mesh3d\",\"colorbar\":{\"outlinewidth\":0,\"ticks\":\"\"}}],\"scatter\":[{\"fillpattern\":{\"fillmode\":\"overlay\",\"size\":10,\"solidity\":0.2},\"type\":\"scatter\"}],\"parcoords\":[{\"type\":\"parcoords\",\"line\":{\"colorbar\":{\"outlinewidth\":0,\"ticks\":\"\"}}}],\"scatterpolargl\":[{\"type\":\"scatterpolargl\",\"marker\":{\"colorbar\":{\"outlinewidth\":0,\"ticks\":\"\"}}}],\"bar\":[{\"error_x\":{\"color\":\"#2a3f5f\"},\"error_y\":{\"color\":\"#2a3f5f\"},\"marker\":{\"line\":{\"color\":\"#E5ECF6\",\"width\":0.5},\"pattern\":{\"fillmode\":\"overlay\",\"size\":10,\"solidity\":0.2}},\"type\":\"bar\"}],\"scattergeo\":[{\"type\":\"scattergeo\",\"marker\":{\"colorbar\":{\"outlinewidth\":0,\"ticks\":\"\"}}}],\"scatterpolar\":[{\"type\":\"scatterpolar\",\"marker\":{\"colorbar\":{\"outlinewidth\":0,\"ticks\":\"\"}}}],\"histogram\":[{\"marker\":{\"pattern\":{\"fillmode\":\"overlay\",\"size\":10,\"solidity\":0.2}},\"type\":\"histogram\"}],\"scattergl\":[{\"type\":\"scattergl\",\"marker\":{\"colorbar\":{\"outlinewidth\":0,\"ticks\":\"\"}}}],\"scatter3d\":[{\"type\":\"scatter3d\",\"line\":{\"colorbar\":{\"outlinewidth\":0,\"ticks\":\"\"}},\"marker\":{\"colorbar\":{\"outlinewidth\":0,\"ticks\":\"\"}}}],\"scattermapbox\":[{\"type\":\"scattermapbox\",\"marker\":{\"colorbar\":{\"outlinewidth\":0,\"ticks\":\"\"}}}],\"scatterternary\":[{\"type\":\"scatterternary\",\"marker\":{\"colorbar\":{\"outlinewidth\":0,\"ticks\":\"\"}}}],\"scattercarpet\":[{\"type\":\"scattercarpet\",\"marker\":{\"colorbar\":{\"outlinewidth\":0,\"ticks\":\"\"}}}],\"carpet\":[{\"aaxis\":{\"endlinecolor\":\"#2a3f5f\",\"gridcolor\":\"white\",\"linecolor\":\"white\",\"minorgridcolor\":\"white\",\"startlinecolor\":\"#2a3f5f\"},\"baxis\":{\"endlinecolor\":\"#2a3f5f\",\"gridcolor\":\"white\",\"linecolor\":\"white\",\"minorgridcolor\":\"white\",\"startlinecolor\":\"#2a3f5f\"},\"type\":\"carpet\"}],\"table\":[{\"cells\":{\"fill\":{\"color\":\"#EBF0F8\"},\"line\":{\"color\":\"white\"}},\"header\":{\"fill\":{\"color\":\"#C8D4E3\"},\"line\":{\"color\":\"white\"}},\"type\":\"table\"}],\"barpolar\":[{\"marker\":{\"line\":{\"color\":\"#E5ECF6\",\"width\":0.5},\"pattern\":{\"fillmode\":\"overlay\",\"size\":10,\"solidity\":0.2}},\"type\":\"barpolar\"}],\"pie\":[{\"automargin\":true,\"type\":\"pie\"}]},\"layout\":{\"autotypenumbers\":\"strict\",\"colorway\":[\"#636efa\",\"#EF553B\",\"#00cc96\",\"#ab63fa\",\"#FFA15A\",\"#19d3f3\",\"#FF6692\",\"#B6E880\",\"#FF97FF\",\"#FECB52\"],\"font\":{\"color\":\"#2a3f5f\"},\"hovermode\":\"closest\",\"hoverlabel\":{\"align\":\"left\"},\"paper_bgcolor\":\"white\",\"plot_bgcolor\":\"#E5ECF6\",\"polar\":{\"bgcolor\":\"#E5ECF6\",\"angularaxis\":{\"gridcolor\":\"white\",\"linecolor\":\"white\",\"ticks\":\"\"},\"radialaxis\":{\"gridcolor\":\"white\",\"linecolor\":\"white\",\"ticks\":\"\"}},\"ternary\":{\"bgcolor\":\"#E5ECF6\",\"aaxis\":{\"gridcolor\":\"white\",\"linecolor\":\"white\",\"ticks\":\"\"},\"baxis\":{\"gridcolor\":\"white\",\"linecolor\":\"white\",\"ticks\":\"\"},\"caxis\":{\"gridcolor\":\"white\",\"linecolor\":\"white\",\"ticks\":\"\"}},\"coloraxis\":{\"colorbar\":{\"outlinewidth\":0,\"ticks\":\"\"}},\"colorscale\":{\"sequential\":[[0.0,\"#0d0887\"],[0.1111111111111111,\"#46039f\"],[0.2222222222222222,\"#7201a8\"],[0.3333333333333333,\"#9c179e\"],[0.4444444444444444,\"#bd3786\"],[0.5555555555555556,\"#d8576b\"],[0.6666666666666666,\"#ed7953\"],[0.7777777777777778,\"#fb9f3a\"],[0.8888888888888888,\"#fdca26\"],[1.0,\"#f0f921\"]],\"sequentialminus\":[[0.0,\"#0d0887\"],[0.1111111111111111,\"#46039f\"],[0.2222222222222222,\"#7201a8\"],[0.3333333333333333,\"#9c179e\"],[0.4444444444444444,\"#bd3786\"],[0.5555555555555556,\"#d8576b\"],[0.6666666666666666,\"#ed7953\"],[0.7777777777777778,\"#fb9f3a\"],[0.8888888888888888,\"#fdca26\"],[1.0,\"#f0f921\"]],\"diverging\":[[0,\"#8e0152\"],[0.1,\"#c51b7d\"],[0.2,\"#de77ae\"],[0.3,\"#f1b6da\"],[0.4,\"#fde0ef\"],[0.5,\"#f7f7f7\"],[0.6,\"#e6f5d0\"],[0.7,\"#b8e186\"],[0.8,\"#7fbc41\"],[0.9,\"#4d9221\"],[1,\"#276419\"]]},\"xaxis\":{\"gridcolor\":\"white\",\"linecolor\":\"white\",\"ticks\":\"\",\"title\":{\"standoff\":15},\"zerolinecolor\":\"white\",\"automargin\":true,\"zerolinewidth\":2},\"yaxis\":{\"gridcolor\":\"white\",\"linecolor\":\"white\",\"ticks\":\"\",\"title\":{\"standoff\":15},\"zerolinecolor\":\"white\",\"automargin\":true,\"zerolinewidth\":2},\"scene\":{\"xaxis\":{\"backgroundcolor\":\"#E5ECF6\",\"gridcolor\":\"white\",\"linecolor\":\"white\",\"showbackground\":true,\"ticks\":\"\",\"zerolinecolor\":\"white\",\"gridwidth\":2},\"yaxis\":{\"backgroundcolor\":\"#E5ECF6\",\"gridcolor\":\"white\",\"linecolor\":\"white\",\"showbackground\":true,\"ticks\":\"\",\"zerolinecolor\":\"white\",\"gridwidth\":2},\"zaxis\":{\"backgroundcolor\":\"#E5ECF6\",\"gridcolor\":\"white\",\"linecolor\":\"white\",\"showbackground\":true,\"ticks\":\"\",\"zerolinecolor\":\"white\",\"gridwidth\":2}},\"shapedefaults\":{\"line\":{\"color\":\"#2a3f5f\"}},\"annotationdefaults\":{\"arrowcolor\":\"#2a3f5f\",\"arrowhead\":0,\"arrowwidth\":1},\"geo\":{\"bgcolor\":\"white\",\"landcolor\":\"#E5ECF6\",\"subunitcolor\":\"white\",\"showland\":true,\"showlakes\":true,\"lakecolor\":\"white\"},\"title\":{\"x\":0.05},\"mapbox\":{\"style\":\"light\"}}},\"title\":{\"text\":\"Payouts as a function of Cutoffs | Contour\"},\"scene\":{\"xaxis\":{\"title\":{\"text\":\"P1 Cutoff\"}},\"yaxis\":{\"title\":{\"text\":\"P2 Cutoff\"}},\"zaxis\":{\"title\":{\"text\":\"Payout\"}}},\"showlegend\":true},                        {\"responsive\": true}                    ).then(function(){\n",
              "                            \n",
              "var gd = document.getElementById('1f75e7b3-f727-4865-a445-0fd282a96fda');\n",
              "var x = new MutationObserver(function (mutations, observer) {{\n",
              "        var display = window.getComputedStyle(gd).display;\n",
              "        if (!display || display === 'none') {{\n",
              "            console.log([gd, 'removed!']);\n",
              "            Plotly.purge(gd);\n",
              "            observer.disconnect();\n",
              "        }}\n",
              "}});\n",
              "\n",
              "// Listen for the removal of the full notebook cells\n",
              "var notebookContainer = gd.closest('#notebook-container');\n",
              "if (notebookContainer) {{\n",
              "    x.observe(notebookContainer, {childList: true});\n",
              "}}\n",
              "\n",
              "// Listen for the clearing of the current output cell\n",
              "var outputEl = gd.closest('.output');\n",
              "if (outputEl) {{\n",
              "    x.observe(outputEl, {childList: true});\n",
              "}}\n",
              "\n",
              "                        })                };                            </script>        </div>\n",
              "</body>\n",
              "</html>"
            ]
          },
          "metadata": {}
        },
        {
          "output_type": "display_data",
          "data": {
            "text/plain": [
              "\u001b[3m                                                P1 Expected Payout                                                 \u001b[0m\n",
              "┏━━━━━━━━━━━━━┳━━━━━━━━━┳━━━━━━━━━┳━━━━━━━━━┳━━━━━━━━━┳━━━━━━━━━┳━━━━━━━━━┳━━━━━━━━━┳━━━━━━━━━┳━━━━━━━━━┳━━━━━━━━━┓\n",
              "┃\u001b[1m \u001b[0m\u001b[1m         P1\u001b[0m\u001b[1m \u001b[0m┃\u001b[1m         \u001b[0m┃\u001b[1m         \u001b[0m┃\u001b[1m         \u001b[0m┃\u001b[1m         \u001b[0m┃\u001b[1m         \u001b[0m┃\u001b[1m         \u001b[0m┃\u001b[1m         \u001b[0m┃\u001b[1m         \u001b[0m┃\u001b[1m         \u001b[0m┃\u001b[1m         \u001b[0m┃\n",
              "┃\u001b[1m \u001b[0m\u001b[1m  Cutoff/P2\u001b[0m\u001b[1m \u001b[0m┃\u001b[1m         \u001b[0m┃\u001b[1m         \u001b[0m┃\u001b[1m         \u001b[0m┃\u001b[1m         \u001b[0m┃\u001b[1m         \u001b[0m┃\u001b[1m         \u001b[0m┃\u001b[1m         \u001b[0m┃\u001b[1m         \u001b[0m┃\u001b[1m         \u001b[0m┃\u001b[1m         \u001b[0m┃\n",
              "┃\u001b[1m \u001b[0m\u001b[1m     Cutoff\u001b[0m\u001b[1m \u001b[0m┃\u001b[1m       1\u001b[0m\u001b[1m \u001b[0m┃\u001b[1m       2\u001b[0m\u001b[1m \u001b[0m┃\u001b[1m       3\u001b[0m\u001b[1m \u001b[0m┃\u001b[1m       4\u001b[0m\u001b[1m \u001b[0m┃\u001b[1m       5\u001b[0m\u001b[1m \u001b[0m┃\u001b[1m       6\u001b[0m\u001b[1m \u001b[0m┃\u001b[1m       7\u001b[0m\u001b[1m \u001b[0m┃\u001b[1m       8\u001b[0m\u001b[1m \u001b[0m┃\u001b[1m       9\u001b[0m\u001b[1m \u001b[0m┃\u001b[1m      10\u001b[0m\u001b[1m \u001b[0m┃\n",
              "┡━━━━━━━━━━━━━╇━━━━━━━━━╇━━━━━━━━━╇━━━━━━━━━╇━━━━━━━━━╇━━━━━━━━━╇━━━━━━━━━╇━━━━━━━━━╇━━━━━━━━━╇━━━━━━━━━╇━━━━━━━━━┩\n",
              "│\u001b[36m \u001b[0m\u001b[36m       1.00\u001b[0m\u001b[36m \u001b[0m│\u001b[32m 0.00000\u001b[0m\u001b[32m \u001b[0m│\u001b[32m-0.10000\u001b[0m\u001b[32m \u001b[0m│\u001b[32m-0.15556\u001b[0m\u001b[32m \u001b[0m│\u001b[32m-0.16667\u001b[0m\u001b[32m \u001b[0m│\u001b[32m-0.13333\u001b[0m\u001b[32m \u001b[0m│\u001b[32m-0.05556\u001b[0m\u001b[32m \u001b[0m│\u001b[32m 0.06667\u001b[0m\u001b[32m \u001b[0m│\u001b[32m 0.23333\u001b[0m\u001b[32m \u001b[0m│\u001b[32m 0.44444\u001b[0m\u001b[32m \u001b[0m│\u001b[32m 0.70000\u001b[0m\u001b[32m \u001b[0m│\n",
              "├─────────────┼─────────┼─────────┼─────────┼─────────┼─────────┼─────────┼─────────┼─────────┼─────────┼─────────┤\n",
              "│\u001b[36m \u001b[0m\u001b[36m       2.00\u001b[0m\u001b[36m \u001b[0m│\u001b[32m 0.10000\u001b[0m\u001b[32m \u001b[0m│\u001b[32m 0.00000\u001b[0m\u001b[32m \u001b[0m│\u001b[32m-0.08889\u001b[0m\u001b[32m \u001b[0m│\u001b[32m-0.13333\u001b[0m\u001b[32m \u001b[0m│\u001b[32m-0.13333\u001b[0m\u001b[32m \u001b[0m│\u001b[32m-0.08889\u001b[0m\u001b[32m \u001b[0m│\u001b[32m 0.00000\u001b[0m\u001b[32m \u001b[0m│\u001b[32m 0.13333\u001b[0m\u001b[32m \u001b[0m│\u001b[32m 0.31111\u001b[0m\u001b[32m \u001b[0m│\u001b[32m 0.53333\u001b[0m\u001b[32m \u001b[0m│\n",
              "├─────────────┼─────────┼─────────┼─────────┼─────────┼─────────┼─────────┼─────────┼─────────┼─────────┼─────────┤\n",
              "│\u001b[36m \u001b[0m\u001b[36m       3.00\u001b[0m\u001b[36m \u001b[0m│\u001b[32m 0.15556\u001b[0m\u001b[32m \u001b[0m│\u001b[32m 0.08889\u001b[0m\u001b[32m \u001b[0m│\u001b[32m 0.00000\u001b[0m\u001b[32m \u001b[0m│\u001b[32m-0.07778\u001b[0m\u001b[32m \u001b[0m│\u001b[32m-0.11111\u001b[0m\u001b[32m \u001b[0m│\u001b[32m-0.10000\u001b[0m\u001b[32m \u001b[0m│\u001b[32m-0.04444\u001b[0m\u001b[32m \u001b[0m│\u001b[32m 0.05556\u001b[0m\u001b[32m \u001b[0m│\u001b[32m 0.20000\u001b[0m\u001b[32m \u001b[0m│\u001b[32m 0.38889\u001b[0m\u001b[32m \u001b[0m│\n",
              "├─────────────┼─────────┼─────────┼─────────┼─────────┼─────────┼─────────┼─────────┼─────────┼─────────┼─────────┤\n",
              "│\u001b[36m \u001b[0m\u001b[36m       4.00\u001b[0m\u001b[36m \u001b[0m│\u001b[32m 0.16667\u001b[0m\u001b[32m \u001b[0m│\u001b[32m 0.13333\u001b[0m\u001b[32m \u001b[0m│\u001b[32m 0.07778\u001b[0m\u001b[32m \u001b[0m│\u001b[32m 0.00000\u001b[0m\u001b[32m \u001b[0m│\u001b[32m-0.06667\u001b[0m\u001b[32m \u001b[0m│\u001b[32m-0.08889\u001b[0m\u001b[32m \u001b[0m│\u001b[32m-0.06667\u001b[0m\u001b[32m \u001b[0m│\u001b[32m 0.00000\u001b[0m\u001b[32m \u001b[0m│\u001b[32m 0.11111\u001b[0m\u001b[32m \u001b[0m│\u001b[32m 0.26667\u001b[0m\u001b[32m \u001b[0m│\n",
              "├─────────────┼─────────┼─────────┼─────────┼─────────┼─────────┼─────────┼─────────┼─────────┼─────────┼─────────┤\n",
