{
  "cells": [
    {
      "cell_type": "markdown",
      "metadata": {
        "id": "view-in-github",
        "colab_type": "text"
      },
      "source": [
        "<a href=\"https://colab.research.google.com/github/aryan-cs/poker-like-games/blob/discrete-poker/discrete_poker_games.ipynb\" target=\"_parent\"><img src=\"https://colab.research.google.com/assets/colab-badge.svg\" alt=\"Open In Colab\"/></a>"
      ]
    },
    {
      "cell_type": "markdown",
      "source": [
        "# -1. Preface\n",
        "While the paper designates letters to each player (Player A, Player B), the code makes use of integers for readability.\n",
        "\n",
        "`P1`, `p1_foo` → Player A, Property of Player A\n",
        "\n",
        "`P2`, `p2_foo` → Player B, Property of Player B"
      ],
      "metadata": {
        "id": "isgBbFJ6IL1z"
      }
    },
    {
      "cell_type": "markdown",
      "metadata": {
        "id": "MwXsNkey1NUn"
      },
      "source": [
        "# 0. Setup\n",
        "Run this cell to set up some helpful tools."
      ]
    },
    {
      "cell_type": "code",
      "execution_count": null,
      "metadata": {
        "id": "SoSRT7vOqOYn"
      },
      "outputs": [],
      "source": [
        "import time\n",
        "import pandas as pd\n",
        "import plotly.graph_objects as go\n",
        "import numpy as np\n",
        "import matplotlib.pyplot as plt\n",
        "from rich.console import Console\n",
        "from rich.table import Table\n",
        "\n",
        "log_data = []\n",
        "P1 = True\n",
        "P2 = True\n",
        "\n",
        "RED = \"#ff2684\"\n",
        "BLUE = \"#19beff\"\n",
        "WHITE = \"#ebebeb\"\n",
        "GRAY = \"#858585\"\n",
        "\n",
        "# First player has n options, second player has n - 1 options (picking without replacement)\n",
        "def nCr(n): return n * (n - 1) # / 2\n",
        "\n",
        "# Saving -- irrelevant\n",
        "def log(p1_cutoff, p2_cutoff, p1_expected_payout, p2_expected_payout, time_taken, verbose=True):\n",
        "    log_data.append({\n",
        "        'p1_cutoff': p1_cutoff,\n",
        "        'p2_cutoff': p2_cutoff,\n",
        "        'p1_expected_payout': p1_expected_payout,\n",
        "        'p2_expected_payout': p2_expected_payout,\n",
        "        'time_taken': time_taken\n",
        "    })\n",
        "\n",
        "    message = '''\n",
        "P1 Cutoff: {0}\n",
        "P2 Cutoff: {1}\n",
        "P1 Payout: {2:.5f}\n",
        "P2 Payout: {3:.5f}\n",
        "Executed in {4:.5f} seconds\n",
        "'''.format(p1_cutoff,\n",
        "            p2_cutoff,\n",
        "            p1_expected_payout,\n",
        "            p2_expected_payout,\n",
        "            time_taken)\n",
        "\n",
        "    if verbose: boxed(message)\n",
        "\n",
        "# Visual appeal -- irrelevant\n",
        "def boxed(text):\n",
        "    lines = text.splitlines()\n",
        "    if lines and lines[0] == \"\": lines = lines[1:]\n",
        "    if not lines: return\n",
        "\n",
        "    max_width = max(map(len, lines))\n",
        "\n",
        "    print(\"┌\" + \"─\" * (max_width + 2) + \"┐\")\n",
        "    for line in lines:\n",
        "      print(f\"│ {line.ljust(max_width)} │\")\n",
        "    print(\"└\" + \"─\" * (max_width + 2) + \"┘\")\n",
        "\n",
        "# Graphing -- irrelevant\n",
        "def graph_scatter_3d(p1=False, p2=False):\n",
        "    df = pd.DataFrame(log_data)\n",
        "    fig = go.Figure()\n",
        "\n",
        "    if p1:\n",
        "        fig.add_trace(go.Scatter3d(\n",
        "            x=df['p1_cutoff'],\n",
        "            y=df['p2_cutoff'],\n",
        "            z=df['p1_expected_payout'],\n",
        "            mode='markers',\n",
        "            marker=dict(color='blue', size=4),\n",
        "            name='Player 1'\n",
        "        ))\n",
        "\n",
        "    if p2:\n",
        "        fig.add_trace(go.Scatter3d(\n",
        "            x=df['p1_cutoff'],\n",
        "            y=df['p2_cutoff'],\n",
        "            z=df['p2_expected_payout'],\n",
        "            mode='markers',\n",
        "            marker=dict(color='red', size=4),\n",
        "            name='Player 2'\n",
        "        ))\n",
        "\n",
        "    fig.update_layout(\n",
        "        title='Payouts as a function of Cutoffs | Scatter',\n",
        "        scene=dict(\n",
        "            xaxis_title='α',\n",
        "            yaxis_title='β',\n",
        "            zaxis_title='Payout'\n",
        "        ),\n",
        "        showlegend=True\n",
        "    )\n",
        "\n",
        "    fig.show()\n",
        "\n",
        "# Graphing -- irrelevant\n",
        "def graph_contour_3d(p1=False, p2=False):\n",
        "    df = pd.DataFrame(log_data).groupby(['p1_cutoff', 'p2_cutoff'], as_index=False).mean()\n",
        "    fig = go.Figure()\n",
        "\n",
        "    x = np.unique(df['p1_cutoff'])\n",
        "    y = np.unique(df['p2_cutoff'])\n",
        "    X, Y = np.meshgrid(x, y)\n",
        "\n",
        "    if p1:\n",
        "        Z1 = df.pivot_table(\n",
        "            index='p2_cutoff',\n",
        "            columns='p1_cutoff',\n",
        "            values='p1_expected_payout').values\n",
        "        fig.add_trace(go.Surface(x=X, y=Y, z=Z1,\n",
        "                                 colorscale='Blues',\n",
        "                                 opacity=0.9,\n",
        "                                 name=\"Player 1 Payout\"))\n",
        "\n",
        "    if p2:\n",
        "        Z2 = df.pivot_table(\n",
        "            index='p2_cutoff',\n",
        "            columns='p1_cutoff',\n",
        "            values='p2_expected_payout').values\n",
        "        fig.add_trace(go.Surface(x=X, y=Y, z=Z2,\n",
        "                                 colorscale='Reds',\n",
        "                                 opacity=0.9,\n",
        "                                 name=\"Player 2 Payout\"))\n",
        "\n",
        "    fig.update_layout(\n",
        "        title='Eᵢ(α, β)',\n",
        "        scene=dict(\n",
        "            xaxis_title='α',\n",
        "            yaxis_title='β',\n",
        "            zaxis_title='Payout'\n",
        "        ),\n",
        "        showlegend=True\n",
        "    )\n",
        "\n",
        "    fig.show()\n",
        "\n",
        "def graph_2d(p1=False, p2=False):\n",
        "    df = pd.DataFrame(log_data).groupby(['p1_cutoff', 'p2_cutoff'], as_index=False).mean()\n",
        "\n",
        "    plt.figure(figsize=(10, 6))\n",
        "\n",
        "    if p1:\n",
        "        # Use the BLUE variable for Player 1\n",
        "        plt.plot(df['p1_cutoff'], df['p1_expected_payout'], label='Player 1 Payout', color=BLUE, linewidth=2)\n",
        "\n",
        "    if p2:\n",
        "        # Use the RED variable for Player 2\n",
        "        plt.plot(df['p1_cutoff'], df['p2_expected_payout'], label='Player 2 Payout', color=RED, linewidth=2)\n",
        "\n",
        "    # Adding title and labels\n",
        "    plt.title('Payouts as a function of Cutoffs | Level Curve', fontsize=16)\n",
        "    plt.xlabel('Player Cutoff', fontsize=14)\n",
        "    plt.ylabel('Expected Payout', fontsize=14)\n",
        "\n",
        "    # Add a legend\n",
        "    plt.legend()\n",
        "\n",
        "    # Show the plot\n",
        "    plt.grid(True)\n",
        "    plt.show()\n",
        "\n",
        "# Displaying payoff matrix -- irrelevant\n",
        "def expected_payoffs_table(p1=False, p2=False):\n",
        "    if p1 and p2:\n",
        "        boxed(\"Please use only one flag per table.\")\n",
        "        return\n",
        "\n",
        "    console = Console()\n",
        "    df = pd.DataFrame(log_data).groupby(['p1_cutoff', 'p2_cutoff'], as_index=False).mean()\n",
        "\n",
        "    if p1:\n",
        "        pivot = df.pivot(index='p1_cutoff', columns='p2_cutoff', values='p1_expected_payout')\n",
        "        title = \"E(c1, c2) for P1 | \" + str(n) + \" x \" + str(n)\n",
        "    elif p2:\n",
        "        pivot = df.pivot(index='p1_cutoff', columns='p2_cutoff', values='p2_expected_payout')\n",
        "        title = \"E(c1, c2) for P2 | \" + str(n) + \" x \" + str(n)\n",
        "    else:\n",
        "        boxed(\"Please specify either p1=True or p2=True\")\n",
        "        return\n",
        "\n",
        "    table = Table(title=title, show_lines=True, padding=(0, 1), collapse_padding=True)\n",
        "    table.add_column(\"C\", style=WHITE, justify=\"right\")\n",
        "\n",
        "    for col in pivot.columns:\n",
        "        table.add_column(f\"{col}\", justify=\"right\")\n",
        "\n",
        "    def format_value(val):\n",
        "        if pd.isnull(val):\n",
        "            return f\"[#ebebeb]-[/#ebebeb]\"\n",
        "        color = BLUE if val > 0 else RED if val < 0 else WHITE\n",
        "        formatted_val = f\"{int(val)}\" if val == int(val) else f\"{val:.5f}\"\n",
        "        return f\"[{color}]{formatted_val}[/{color}]\"\n",
        "\n",
        "    for idx, row in pivot.iterrows():\n",
        "        idx_formatted = f\"{int(idx)}\" if idx == int(idx) else f\"{idx:.2f}\"\n",
        "        table_row = [idx_formatted] + [format_value(val) for val in row]\n",
        "        table.add_row(*table_row, end_section=True)\n",
        "\n",
        "    console.print(table)\n",
        "\n",
        "# Exporting -- irrelevant\n",
        "def save():\n",
        "    df = pd.DataFrame(log_data)\n",
        "    df.to_csv('data.csv', index=False)\n"
      ]
    },
    {
      "cell_type": "markdown",
      "metadata": {
        "id": "7VS4Pzz_1cWE"
      },
      "source": [
        "# 1. Simulation of Opposing Cutoff Strategies\n",
        "Simulating payoffs for various cutoff combinations."
      ]
    },
    {
      "cell_type": "code",
      "execution_count": null,
      "metadata": {
        "id": "CIzfwzFqcAAr",
        "colab": {
          "base_uri": "https://localhost:8080/",
          "height": 594
        },
        "outputId": "f58f3649-6255-4b8e-aa84-be4f99c9cacf"
      },
      "outputs": [
        {
          "output_type": "stream",
          "name": "stdout",
          "text": [
            "┌───────────────────────────────────────────┐\n",
            "│ Executed all iterations in 0.252 seconds. │\n",
            "└───────────────────────────────────────────┘\n"
          ]
        },
        {
          "output_type": "display_data",
          "data": {
            "text/html": [
              "<html>\n",
              "<head><meta charset=\"utf-8\" /></head>\n",
              "<body>\n",
              "    <div>            <script src=\"https://cdnjs.cloudflare.com/ajax/libs/mathjax/2.7.5/MathJax.js?config=TeX-AMS-MML_SVG\"></script><script type=\"text/javascript\">if (window.MathJax && window.MathJax.Hub && window.MathJax.Hub.Config) {window.MathJax.Hub.Config({SVG: {font: \"STIX-Web\"}});}</script>                <script type=\"text/javascript\">window.PlotlyConfig = {MathJaxConfig: 'local'};</script>\n",
              "        <script charset=\"utf-8\" src=\"https://cdn.plot.ly/plotly-2.35.2.min.js\"></script>                <div id=\"2934be5f-fcb1-4172-afbd-df0aed28ed07\" class=\"plotly-graph-div\" style=\"height:525px; width:100%;\"></div>            <script type=\"text/javascript\">                                    window.PLOTLYENV=window.PLOTLYENV || {};                                    if (document.getElementById(\"2934be5f-fcb1-4172-afbd-df0aed28ed07\")) {                    Plotly.newPlot(                        \"2934be5f-fcb1-4172-afbd-df0aed28ed07\",                        [{\"colorscale\":[[0.0,\"rgb(247,251,255)\"],[0.125,\"rgb(222,235,247)\"],[0.25,\"rgb(198,219,239)\"],[0.375,\"rgb(158,202,225)\"],[0.5,\"rgb(107,174,214)\"],[0.625,\"rgb(66,146,198)\"],[0.75,\"rgb(33,113,181)\"],[0.875,\"rgb(8,81,156)\"],[1.0,\"rgb(8,48,107)\"]],\"name\":\"Player 1 Payout\",\"opacity\":0.9,\"x\":[[1,2,3,4,5,6,7,8,9,10,11,12,13,14,15,16,17,18,19,20,21,22,23,24,25,26,27,28,29,30],[1,2,3,4,5,6,7,8,9,10,11,12,13,14,15,16,17,18,19,20,21,22,23,24,25,26,27,28,29,30],[1,2,3,4,5,6,7,8,9,10,11,12,13,14,15,16,17,18,19,20,21,22,23,24,25,26,27,28,29,30],[1,2,3,4,5,6,7,8,9,10,11,12,13,14,15,16,17,18,19,20,21,22,23,24,25,26,27,28,29,30],[1,2,3,4,5,6,7,8,9,10,11,12,13,14,15,16,17,18,19,20,21,22,23,24,25,26,27,28,29,30],[1,2,3,4,5,6,7,8,9,10,11,12,13,14,15,16,17,18,19,20,21,22,23,24,25,26,27,28,29,30],[1,2,3,4,5,6,7,8,9,10,11,12,13,14,15,16,17,18,19,20,21,22,23,24,25,26,27,28,29,30],[1,2,3,4,5,6,7,8,9,10,11,12,13,14,15,16,17,18,19,20,21,22,23,24,25,26,27,28,29,30],[1,2,3,4,5,6,7,8,9,10,11,12,13,14,15,16,17,18,19,20,21,22,23,24,25,26,27,28,29,30],[1,2,3,4,5,6,7,8,9,10,11,12,13,14,15,16,17,18,19,20,21,22,23,24,25,26,27,28,29,30],[1,2,3,4,5,6,7,8,9,10,11,12,13,14,15,16,17,18,19,20,21,22,23,24,25,26,27,28,29,30],[1,2,3,4,5,6,7,8,9,10,11,12,13,14,15,16,17,18,19,20,21,22,23,24,25,26,27,28,29,30],[1,2,3,4,5,6,7,8,9,10,11,12,13,14,15,16,17,18,19,20,21,22,23,24,25,26,27,28,29,30],[1,2,3,4,5,6,7,8,9,10,11,12,13,14,15,16,17,18,19,20,21,22,23,24,25,26,27,28,29,30],[1,2,3,4,5,6,7,8,9,10,11,12,13,14,15,16,17,18,19,20,21,22,23,24,25,26,27,28,29,30],[1,2,3,4,5,6,7,8,9,10,11,12,13,14,15,16,17,18,19,20,21,22,23,24,25,26,27,28,29,30],[1,2,3,4,5,6,7,8,9,10,11,12,13,14,15,16,17,18,19,20,21,22,23,24,25,26,27,28,29,30],[1,2,3,4,5,6,7,8,9,10,11,12,13,14,15,16,17,18,19,20,21,22,23,24,25,26,27,28,29,30],[1,2,3,4,5,6,7,8,9,10,11,12,13,14,15,16,17,18,19,20,21,22,23,24,25,26,27,28,29,30],[1,2,3,4,5,6,7,8,9,10,11,12,13,14,15,16,17,18,19,20,21,22,23,24,25,26,27,28,29,30],[1,2,3,4,5,6,7,8,9,10,11,12,13,14,15,16,17,18,19,20,21,22,23,24,25,26,27,28,29,30],[1,2,3,4,5,6,7,8,9,10,11,12,13,14,15,16,17,18,19,20,21,22,23,24,25,26,27,28,29,30],[1,2,3,4,5,6,7,8,9,10,11,12,13,14,15,16,17,18,19,20,21,22,23,24,25,26,27,28,29,30],[1,2,3,4,5,6,7,8,9,10,11,12,13,14,15,16,17,18,19,20,21,22,23,24,25,26,27,28,29,30],[1,2,3,4,5,6,7,8,9,10,11,12,13,14,15,16,17,18,19,20,21,22,23,24,25,26,27,28,29,30],[1,2,3,4,5,6,7,8,9,10,11,12,13,14,15,16,17,18,19,20,21,22,23,24,25,26,27,28,29,30],[1,2,3,4,5,6,7,8,9,10,11,12,13,14,15,16,17,18,19,20,21,22,23,24,25,26,27,28,29,30],[1,2,3,4,5,6,7,8,9,10,11,12,13,14,15,16,17,18,19,20,21,22,23,24,25,26,27,28,29,30],[1,2,3,4,5,6,7,8,9,10,11,12,13,14,15,16,17,18,19,20,21,22,23,24,25,26,27,28,29,30],[1,2,3,4,5,6,7,8,9,10,11,12,13,14,15,16,17,18,19,20,21,22,23,24,25,26,27,28,29,30]],\"y\":[[1,1,1,1,1,1,1,1,1,1,1,1,1,1,1,1,1,1,1,1,1,1,1,1,1,1,1,1,1,1],[2,2,2,2,2,2,2,2,2,2,2,2,2,2,2,2,2,2,2,2,2,2,2,2,2,2,2,2,2,2],[3,3,3,3,3,3,3,3,3,3,3,3,3,3,3,3,3,3,3,3,3,3,3,3,3,3,3,3,3,3],[4,4,4,4,4,4,4,4,4,4,4,4,4,4,4,4,4,4,4,4,4,4,4,4,4,4,4,4,4,4],[5,5,5,5,5,5,5,5,5,5,5,5,5,5,5,5,5,5,5,5,5,5,5,5,5,5,5,5,5,5],[6,6,6,6,6,6,6,6,6,6,6,6,6,6,6,6,6,6,6,6,6,6,6,6,6,6,6,6,6,6],[7,7,7,7,7,7,7,7,7,7,7,7,7,7,7,7,7,7,7,7,7,7,7,7,7,7,7,7,7,7],[8,8,8,8,8,8,8,8,8,8,8,8,8,8,8,8,8,8,8,8,8,8,8,8,8,8,8,8,8,8],[9,9,9,9,9,9,9,9,9,9,9,9,9,9,9,9,9,9,9,9,9,9,9,9,9,9,9,9,9,9],[10,10,10,10,10,10,10,10,10,10,10,10,10,10,10,10,10,10,10,10,10,10,10,10,10,10,10,10,10,10],[11,11,11,11,11,11,11,11,11,11,11,11,11,11,11,11,11,11,11,11,11,11,11,11,11,11,11,11,11,11],[12,12,12,12,12,12,12,12,12,12,12,12,12,12,12,12,12,12,12,12,12,12,12,12,12,12,12,12,12,12],[13,13,13,13,13,13,13,13,13,13,13,13,13,13,13,13,13,13,13,13,13,13,13,13,13,13,13,13,13,13],[14,14,14,14,14,14,14,14,14,14,14,14,14,14,14,14,14,14,14,14,14,14,14,14,14,14,14,14,14,14],[15,15,15,15,15,15,15,15,15,15,15,15,15,15,15,15,15,15,15,15,15,15,15,15,15,15,15,15,15,15],[16,16,16,16,16,16,16,16,16,16,16,16,16,16,16,16,16,16,16,16,16,16,16,16,16,16,16,16,16,16],[17,17,17,17,17,17,17,17,17,17,17,17,17,17,17,17,17,17,17,17,17,17,17,17,17,17,17,17,17,17],[18,18,18,18,18,18,18,18,18,18,18,18,18,18,18,18,18,18,18,18,18,18,18,18,18,18,18,18,18,18],[19,19,19,19,19,19,19,19,19,19,19,19,19,19,19,19,19,19,19,19,19,19,19,19,19,19,19,19,19,19],[20,20,20,20,20,20,20,20,20,20,20,20,20,20,20,20,20,20,20,20,20,20,20,20,20,20,20,20,20,20],[21,21,21,21,21,21,21,21,21,21,21,21,21,21,21,21,21,21,21,21,21,21,21,21,21,21,21,21,21,21],[22,22,22,22,22,22,22,22,22,22,22,22,22,22,22,22,22,22,22,22,22,22,22,22,22,22,22,22,22,22],[23,23,23,23,23,23,23,23,23,23,23,23,23,23,23,23,23,23,23,23,23,23,23,23,23,23,23,23,23,23],[24,24,24,24,24,24,24,24,24,24,24,24,24,24,24,24,24,24,24,24,24,24,24,24,24,24,24,24,24,24],[25,25,25,25,25,25,25,25,25,25,25,25,25,25,25,25,25,25,25,25,25,25,25,25,25,25,25,25,25,25],[26,26,26,26,26,26,26,26,26,26,26,26,26,26,26,26,26,26,26,26,26,26,26,26,26,26,26,26,26,26],[27,27,27,27,27,27,27,27,27,27,27,27,27,27,27,27,27,27,27,27,27,27,27,27,27,27,27,27,27,27],[28,28,28,28,28,28,28,28,28,28,28,28,28,28,28,28,28,28,28,28,28,28,28,28,28,28,28,28,28,28],[29,29,29,29,29,29,29,29,29,29,29,29,29,29,29,29,29,29,29,29,29,29,29,29,29,29,29,29,29,29],[30,30,30,30,30,30,30,30,30,30,30,30,30,30,30,30,30,30,30,30,30,30,30,30,30,30,30,30,30,30]],\"z\":[[0.0,29.0,54.0,75.0,92.0,105.0,114.0,119.0,120.0,117.0,110.0,99.0,84.0,65.0,42.0,15.0,-16.0,-51.0,-90.0,-133.0,-180.0,-231.0,-286.0,-345.0,-408.0,-475.0,-546.0,-621.0,-700.0,-783.0],[-29.0,0.0,28.0,52.0,72.0,88.0,100.0,108.0,112.0,112.0,108.0,100.0,88.0,72.0,52.0,28.0,0.0,-32.0,-68.0,-108.0,-152.0,-200.0,-252.0,-308.0,-368.0,-432.0,-500.0,-572.0,-648.0,-728.0],[-54.0,-28.0,0.0,27.0,50.0,69.0,84.0,95.0,102.0,105.0,104.0,99.0,90.0,77.0,60.0,39.0,14.0,-15.0,-48.0,-85.0,-126.0,-171.0,-220.0,-273.0,-330.0,-391.0,-456.0,-525.0,-598.0,-675.0],[-75.0,-52.0,-27.0,0.0,26.0,48.0,66.0,80.0,90.0,96.0,98.0,96.0,90.0,80.0,66.0,48.0,26.0,0.0,-30.0,-64.0,-102.0,-144.0,-190.0,-240.0,-294.0,-352.0,-414.0,-480.0,-550.0,-624.0],[-92.0,-72.0,-50.0,-26.0,0.0,25.0,46.0,63.0,76.0,85.0,90.0,91.0,88.0,81.0,70.0,55.0,36.0,13.0,-14.0,-45.0,-80.0,-119.0,-162.0,-209.0,-260.0,-315.0,-374.0,-437.0,-504.0,-575.0],[-105.0,-88.0,-69.0,-48.0,-25.0,0.0,24.0,44.0,60.0,72.0,80.0,84.0,84.0,80.0,72.0,60.0,44.0,24.0,0.0,-28.0,-60.0,-96.0,-136.0,-180.0,-228.0,-280.0,-336.0,-396.0,-460.0,-528.0],[-114.0,-100.0,-84.0,-66.0,-46.0,-24.0,0.0,23.0,42.0,57.0,68.0,75.0,78.0,77.0,72.0,63.0,50.0,33.0,12.0,-13.0,-42.0,-75.0,-112.0,-153.0,-198.0,-247.0,-300.0,-357.0,-418.0,-483.0],[-119.0,-108.0,-95.0,-80.0,-63.0,-44.0,-23.0,0.0,22.0,40.0,54.0,64.0,70.0,72.0,70.0,64.0,54.0,40.0,22.0,0.0,-26.0,-56.0,-90.0,-128.0,-170.0,-216.0,-266.0,-320.0,-378.0,-440.0],[-120.0,-112.0,-102.0,-90.0,-76.0,-60.0,-42.0,-22.0,0.0,21.0,38.0,51.0,60.0,65.0,66.0,63.0,56.0,45.0,30.0,11.0,-12.0,-39.0,-70.0,-105.0,-144.0,-187.0,-234.0,-285.0,-340.0,-399.0],[-117.0,-112.0,-105.0,-96.0,-85.0,-72.0,-57.0,-40.0,-21.0,0.0,20.0,36.0,48.0,56.0,60.0,60.0,56.0,48.0,36.0,20.0,0.0,-24.0,-52.0,-84.0,-120.0,-160.0,-204.0,-252.0,-304.0,-360.0],[-110.0,-108.0,-104.0,-98.0,-90.0,-80.0,-68.0,-54.0,-38.0,-20.0,0.0,19.0,34.0,45.0,52.0,55.0,54.0,49.0,40.0,27.0,10.0,-11.0,-36.0,-65.0,-98.0,-135.0,-176.0,-221.0,-270.0,-323.0],[-99.0,-100.0,-99.0,-96.0,-91.0,-84.0,-75.0,-64.0,-51.0,-36.0,-19.0,0.0,18.0,32.0,42.0,48.0,50.0,48.0,42.0,32.0,18.0,0.0,-22.0,-48.0,-78.0,-112.0,-150.0,-192.0,-238.0,-288.0],[-84.0,-88.0,-90.0,-90.0,-88.0,-84.0,-78.0,-70.0,-60.0,-48.0,-34.0,-18.0,0.0,17.0,30.0,39.0,44.0,45.0,42.0,35.0,24.0,9.0,-10.0,-33.0,-60.0,-91.0,-126.0,-165.0,-208.0,-255.0],[-65.0,-72.0,-77.0,-80.0,-81.0,-80.0,-77.0,-72.0,-65.0,-56.0,-45.0,-32.0,-17.0,0.0,16.0,28.0,36.0,40.0,40.0,36.0,28.0,16.0,0.0,-20.0,-44.0,-72.0,-104.0,-140.0,-180.0,-224.0],[-42.0,-52.0,-60.0,-66.0,-70.0,-72.0,-72.0,-70.0,-66.0,-60.0,-52.0,-42.0,-30.0,-16.0,0.0,15.0,26.0,33.0,36.0,35.0,30.0,21.0,8.0,-9.0,-30.0,-55.0,-84.0,-117.0,-154.0,-195.0],[-15.0,-28.0,-39.0,-48.0,-55.0,-60.0,-63.0,-64.0,-63.0,-60.0,-55.0,-48.0,-39.0,-28.0,-15.0,0.0,14.0,24.0,30.0,32.0,30.0,24.0,14.0,0.0,-18.0,-40.0,-66.0,-96.0,-130.0,-168.0],[16.0,0.0,-14.0,-26.0,-36.0,-44.0,-50.0,-54.0,-56.0,-56.0,-54.0,-50.0,-44.0,-36.0,-26.0,-14.0,0.0,13.0,22.0,27.0,28.0,25.0,18.0,7.0,-8.0,-27.0,-50.0,-77.0,-108.0,-143.0],[51.0,32.0,15.0,0.0,-13.0,-24.0,-33.0,-40.0,-45.0,-48.0,-49.0,-48.0,-45.0,-40.0,-33.0,-24.0,-13.0,0.0,12.0,20.0,24.0,24.0,20.0,12.0,0.0,-16.0,-36.0,-60.0,-88.0,-120.0],[90.0,68.0,48.0,30.0,14.0,0.0,-12.0,-22.0,-30.0,-36.0,-40.0,-42.0,-42.0,-40.0,-36.0,-30.0,-22.0,-12.0,0.0,11.0,18.0,21.0,20.0,15.0,6.0,-7.0,-24.0,-45.0,-70.0,-99.0],[133.0,108.0,85.0,64.0,45.0,28.0,13.0,0.0,-11.0,-20.0,-27.0,-32.0,-35.0,-36.0,-35.0,-32.0,-27.0,-20.0,-11.0,0.0,10.0,16.0,18.0,16.0,10.0,0.0,-14.0,-32.0,-54.0,-80.0],[180.0,152.0,126.0,102.0,80.0,60.0,42.0,26.0,12.0,0.0,-10.0,-18.0,-24.0,-28.0,-30.0,-30.0,-28.0,-24.0,-18.0,-10.0,0.0,9.0,14.0,15.0,12.0,5.0,-6.0,-21.0,-40.0,-63.0],[231.0,200.0,171.0,144.0,119.0,96.0,75.0,56.0,39.0,24.0,11.0,0.0,-9.0,-16.0,-21.0,-24.0,-25.0,-24.0,-21.0,-16.0,-9.0,0.0,8.0,12.0,12.0,8.0,0.0,-12.0,-28.0,-48.0],[286.0,252.0,220.0,190.0,162.0,136.0,112.0,90.0,70.0,52.0,36.0,22.0,10.0,0.0,-8.0,-14.0,-18.0,-20.0,-20.0,-18.0,-14.0,-8.0,0.0,7.0,10.0,9.0,4.0,-5.0,-18.0,-35.0],[345.0,308.0,273.0,240.0,209.0,180.0,153.0,128.0,105.0,84.0,65.0,48.0,33.0,20.0,9.0,0.0,-7.0,-12.0,-15.0,-16.0,-15.0,-12.0,-7.0,0.0,6.0,8.0,6.0,0.0,-10.0,-24.0],[408.0,368.0,330.0,294.0,260.0,228.0,198.0,170.0,144.0,120.0,98.0,78.0,60.0,44.0,30.0,18.0,8.0,0.0,-6.0,-10.0,-12.0,-12.0,-10.0,-6.0,0.0,5.0,6.0,3.0,-4.0,-15.0],[475.0,432.0,391.0,352.0,315.0,280.0,247.0,216.0,187.0,160.0,135.0,112.0,91.0,72.0,55.0,40.0,27.0,16.0,7.0,0.0,-5.0,-8.0,-9.0,-8.0,-5.0,0.0,4.0,4.0,0.0,-8.0],[546.0,500.0,456.0,414.0,374.0,336.0,300.0,266.0,234.0,204.0,176.0,150.0,126.0,104.0,84.0,66.0,50.0,36.0,24.0,14.0,6.0,0.0,-4.0,-6.0,-6.0,-4.0,0.0,3.0,2.0,-3.0],[621.0,572.0,525.0,480.0,437.0,396.0,357.0,320.0,285.0,252.0,221.0,192.0,165.0,140.0,117.0,96.0,77.0,60.0,45.0,32.0,21.0,12.0,5.0,0.0,-3.0,-4.0,-3.0,0.0,2.0,0.0],[700.0,648.0,598.0,550.0,504.0,460.0,418.0,378.0,340.0,304.0,270.0,238.0,208.0,180.0,154.0,130.0,108.0,88.0,70.0,54.0,40.0,28.0,18.0,10.0,4.0,0.0,-2.0,-2.0,0.0,1.0],[783.0,728.0,675.0,624.0,575.0,528.0,483.0,440.0,399.0,360.0,323.0,288.0,255.0,224.0,195.0,168.0,143.0,120.0,99.0,80.0,63.0,48.0,35.0,24.0,15.0,8.0,3.0,0.0,-1.0,0.0]],\"type\":\"surface\"}],                        {\"template\":{\"data\":{\"histogram2dcontour\":[{\"type\":\"histogram2dcontour\",\"colorbar\":{\"outlinewidth\":0,\"ticks\":\"\"},\"colorscale\":[[0.0,\"#0d0887\"],[0.1111111111111111,\"#46039f\"],[0.2222222222222222,\"#7201a8\"],[0.3333333333333333,\"#9c179e\"],[0.4444444444444444,\"#bd3786\"],[0.5555555555555556,\"#d8576b\"],[0.6666666666666666,\"#ed7953\"],[0.7777777777777778,\"#fb9f3a\"],[0.8888888888888888,\"#fdca26\"],[1.0,\"#f0f921\"]]}],\"choropleth\":[{\"type\":\"choropleth\",\"colorbar\":{\"outlinewidth\":0,\"ticks\":\"\"}}],\"histogram2d\":[{\"type\":\"histogram2d\",\"colorbar\":{\"outlinewidth\":0,\"ticks\":\"\"},\"colorscale\":[[0.0,\"#0d0887\"],[0.1111111111111111,\"#46039f\"],[0.2222222222222222,\"#7201a8\"],[0.3333333333333333,\"#9c179e\"],[0.4444444444444444,\"#bd3786\"],[0.5555555555555556,\"#d8576b\"],[0.6666666666666666,\"#ed7953\"],[0.7777777777777778,\"#fb9f3a\"],[0.8888888888888888,\"#fdca26\"],[1.0,\"#f0f921\"]]}],\"heatmap\":[{\"type\":\"heatmap\",\"colorbar\":{\"outlinewidth\":0,\"ticks\":\"\"},\"colorscale\":[[0.0,\"#0d0887\"],[0.1111111111111111,\"#46039f\"],[0.2222222222222222,\"#7201a8\"],[0.3333333333333333,\"#9c179e\"],[0.4444444444444444,\"#bd3786\"],[0.5555555555555556,\"#d8576b\"],[0.6666666666666666,\"#ed7953\"],[0.7777777777777778,\"#fb9f3a\"],[0.8888888888888888,\"#fdca26\"],[1.0,\"#f0f921\"]]}],\"heatmapgl\":[{\"type\":\"heatmapgl\",\"colorbar\":{\"outlinewidth\":0,\"ticks\":\"\"},\"colorscale\":[[0.0,\"#0d0887\"],[0.1111111111111111,\"#46039f\"],[0.2222222222222222,\"#7201a8\"],[0.3333333333333333,\"#9c179e\"],[0.4444444444444444,\"#bd3786\"],[0.5555555555555556,\"#d8576b\"],[0.6666666666666666,\"#ed7953\"],[0.7777777777777778,\"#fb9f3a\"],[0.8888888888888888,\"#fdca26\"],[1.0,\"#f0f921\"]]}],\"contourcarpet\":[{\"type\":\"contourcarpet\",\"colorbar\":{\"outlinewidth\":0,\"ticks\":\"\"}}],\"contour\":[{\"type\":\"contour\",\"colorbar\":{\"outlinewidth\":0,\"ticks\":\"\"},\"colorscale\":[[0.0,\"#0d0887\"],[0.1111111111111111,\"#46039f\"],[0.2222222222222222,\"#7201a8\"],[0.3333333333333333,\"#9c179e\"],[0.4444444444444444,\"#bd3786\"],[0.5555555555555556,\"#d8576b\"],[0.6666666666666666,\"#ed7953\"],[0.7777777777777778,\"#fb9f3a\"],[0.8888888888888888,\"#fdca26\"],[1.0,\"#f0f921\"]]}],\"surface\":[{\"type\":\"surface\",\"colorbar\":{\"outlinewidth\":0,\"ticks\":\"\"},\"colorscale\":[[0.0,\"#0d0887\"],[0.1111111111111111,\"#46039f\"],[0.2222222222222222,\"#7201a8\"],[0.3333333333333333,\"#9c179e\"],[0.4444444444444444,\"#bd3786\"],[0.5555555555555556,\"#d8576b\"],[0.6666666666666666,\"#ed7953\"],[0.7777777777777778,\"#fb9f3a\"],[0.8888888888888888,\"#fdca26\"],[1.0,\"#f0f921\"]]}],\"mesh3d\":[{\"type\":\"mesh3d\",\"colorbar\":{\"outlinewidth\":0,\"ticks\":\"\"}}],\"scatter\":[{\"fillpattern\":{\"fillmode\":\"overlay\",\"size\":10,\"solidity\":0.2},\"type\":\"scatter\"}],\"parcoords\":[{\"type\":\"parcoords\",\"line\":{\"colorbar\":{\"outlinewidth\":0,\"ticks\":\"\"}}}],\"scatterpolargl\":[{\"type\":\"scatterpolargl\",\"marker\":{\"colorbar\":{\"outlinewidth\":0,\"ticks\":\"\"}}}],\"bar\":[{\"error_x\":{\"color\":\"#2a3f5f\"},\"error_y\":{\"color\":\"#2a3f5f\"},\"marker\":{\"line\":{\"color\":\"#E5ECF6\",\"width\":0.5},\"pattern\":{\"fillmode\":\"overlay\",\"size\":10,\"solidity\":0.2}},\"type\":\"bar\"}],\"scattergeo\":[{\"type\":\"scattergeo\",\"marker\":{\"colorbar\":{\"outlinewidth\":0,\"ticks\":\"\"}}}],\"scatterpolar\":[{\"type\":\"scatterpolar\",\"marker\":{\"colorbar\":{\"outlinewidth\":0,\"ticks\":\"\"}}}],\"histogram\":[{\"marker\":{\"pattern\":{\"fillmode\":\"overlay\",\"size\":10,\"solidity\":0.2}},\"type\":\"histogram\"}],\"scattergl\":[{\"type\":\"scattergl\",\"marker\":{\"colorbar\":{\"outlinewidth\":0,\"ticks\":\"\"}}}],\"scatter3d\":[{\"type\":\"scatter3d\",\"line\":{\"colorbar\":{\"outlinewidth\":0,\"ticks\":\"\"}},\"marker\":{\"colorbar\":{\"outlinewidth\":0,\"ticks\":\"\"}}}],\"scattermapbox\":[{\"type\":\"scattermapbox\",\"marker\":{\"colorbar\":{\"outlinewidth\":0,\"ticks\":\"\"}}}],\"scatterternary\":[{\"type\":\"scatterternary\",\"marker\":{\"colorbar\":{\"outlinewidth\":0,\"ticks\":\"\"}}}],\"scattercarpet\":[{\"type\":\"scattercarpet\",\"marker\":{\"colorbar\":{\"outlinewidth\":0,\"ticks\":\"\"}}}],\"carpet\":[{\"aaxis\":{\"endlinecolor\":\"#2a3f5f\",\"gridcolor\":\"white\",\"linecolor\":\"white\",\"minorgridcolor\":\"white\",\"startlinecolor\":\"#2a3f5f\"},\"baxis\":{\"endlinecolor\":\"#2a3f5f\",\"gridcolor\":\"white\",\"linecolor\":\"white\",\"minorgridcolor\":\"white\",\"startlinecolor\":\"#2a3f5f\"},\"type\":\"carpet\"}],\"table\":[{\"cells\":{\"fill\":{\"color\":\"#EBF0F8\"},\"line\":{\"color\":\"white\"}},\"header\":{\"fill\":{\"color\":\"#C8D4E3\"},\"line\":{\"color\":\"white\"}},\"type\":\"table\"}],\"barpolar\":[{\"marker\":{\"line\":{\"color\":\"#E5ECF6\",\"width\":0.5},\"pattern\":{\"fillmode\":\"overlay\",\"size\":10,\"solidity\":0.2}},\"type\":\"barpolar\"}],\"pie\":[{\"automargin\":true,\"type\":\"pie\"}]},\"layout\":{\"autotypenumbers\":\"strict\",\"colorway\":[\"#636efa\",\"#EF553B\",\"#00cc96\",\"#ab63fa\",\"#FFA15A\",\"#19d3f3\",\"#FF6692\",\"#B6E880\",\"#FF97FF\",\"#FECB52\"],\"font\":{\"color\":\"#2a3f5f\"},\"hovermode\":\"closest\",\"hoverlabel\":{\"align\":\"left\"},\"paper_bgcolor\":\"white\",\"plot_bgcolor\":\"#E5ECF6\",\"polar\":{\"bgcolor\":\"#E5ECF6\",\"angularaxis\":{\"gridcolor\":\"white\",\"linecolor\":\"white\",\"ticks\":\"\"},\"radialaxis\":{\"gridcolor\":\"white\",\"linecolor\":\"white\",\"ticks\":\"\"}},\"ternary\":{\"bgcolor\":\"#E5ECF6\",\"aaxis\":{\"gridcolor\":\"white\",\"linecolor\":\"white\",\"ticks\":\"\"},\"baxis\":{\"gridcolor\":\"white\",\"linecolor\":\"white\",\"ticks\":\"\"},\"caxis\":{\"gridcolor\":\"white\",\"linecolor\":\"white\",\"ticks\":\"\"}},\"coloraxis\":{\"colorbar\":{\"outlinewidth\":0,\"ticks\":\"\"}},\"colorscale\":{\"sequential\":[[0.0,\"#0d0887\"],[0.1111111111111111,\"#46039f\"],[0.2222222222222222,\"#7201a8\"],[0.3333333333333333,\"#9c179e\"],[0.4444444444444444,\"#bd3786\"],[0.5555555555555556,\"#d8576b\"],[0.6666666666666666,\"#ed7953\"],[0.7777777777777778,\"#fb9f3a\"],[0.8888888888888888,\"#fdca26\"],[1.0,\"#f0f921\"]],\"sequentialminus\":[[0.0,\"#0d0887\"],[0.1111111111111111,\"#46039f\"],[0.2222222222222222,\"#7201a8\"],[0.3333333333333333,\"#9c179e\"],[0.4444444444444444,\"#bd3786\"],[0.5555555555555556,\"#d8576b\"],[0.6666666666666666,\"#ed7953\"],[0.7777777777777778,\"#fb9f3a\"],[0.8888888888888888,\"#fdca26\"],[1.0,\"#f0f921\"]],\"diverging\":[[0,\"#8e0152\"],[0.1,\"#c51b7d\"],[0.2,\"#de77ae\"],[0.3,\"#f1b6da\"],[0.4,\"#fde0ef\"],[0.5,\"#f7f7f7\"],[0.6,\"#e6f5d0\"],[0.7,\"#b8e186\"],[0.8,\"#7fbc41\"],[0.9,\"#4d9221\"],[1,\"#276419\"]]},\"xaxis\":{\"gridcolor\":\"white\",\"linecolor\":\"white\",\"ticks\":\"\",\"title\":{\"standoff\":15},\"zerolinecolor\":\"white\",\"automargin\":true,\"zerolinewidth\":2},\"yaxis\":{\"gridcolor\":\"white\",\"linecolor\":\"white\",\"ticks\":\"\",\"title\":{\"standoff\":15},\"zerolinecolor\":\"white\",\"automargin\":true,\"zerolinewidth\":2},\"scene\":{\"xaxis\":{\"backgroundcolor\":\"#E5ECF6\",\"gridcolor\":\"white\",\"linecolor\":\"white\",\"showbackground\":true,\"ticks\":\"\",\"zerolinecolor\":\"white\",\"gridwidth\":2},\"yaxis\":{\"backgroundcolor\":\"#E5ECF6\",\"gridcolor\":\"white\",\"linecolor\":\"white\",\"showbackground\":true,\"ticks\":\"\",\"zerolinecolor\":\"white\",\"gridwidth\":2},\"zaxis\":{\"backgroundcolor\":\"#E5ECF6\",\"gridcolor\":\"white\",\"linecolor\":\"white\",\"showbackground\":true,\"ticks\":\"\",\"zerolinecolor\":\"white\",\"gridwidth\":2}},\"shapedefaults\":{\"line\":{\"color\":\"#2a3f5f\"}},\"annotationdefaults\":{\"arrowcolor\":\"#2a3f5f\",\"arrowhead\":0,\"arrowwidth\":1},\"geo\":{\"bgcolor\":\"white\",\"landcolor\":\"#E5ECF6\",\"subunitcolor\":\"white\",\"showland\":true,\"showlakes\":true,\"lakecolor\":\"white\"},\"title\":{\"x\":0.05},\"mapbox\":{\"style\":\"light\"}}},\"title\":{\"text\":\"Eᵢ(α, β)\"},\"scene\":{\"xaxis\":{\"title\":{\"text\":\"α\"}},\"yaxis\":{\"title\":{\"text\":\"β\"}},\"zaxis\":{\"title\":{\"text\":\"Payout\"}}},\"showlegend\":true},                        {\"responsive\": true}                    ).then(function(){\n",
              "                            \n",
              "var gd = document.getElementById('2934be5f-fcb1-4172-afbd-df0aed28ed07');\n",
              "var x = new MutationObserver(function (mutations, observer) {{\n",
              "        var display = window.getComputedStyle(gd).display;\n",
              "        if (!display || display === 'none') {{\n",
              "            console.log([gd, 'removed!']);\n",
              "            Plotly.purge(gd);\n",
              "            observer.disconnect();\n",
              "        }}\n",
              "}});\n",
              "\n",
              "// Listen for the removal of the full notebook cells\n",
              "var notebookContainer = gd.closest('#notebook-container');\n",
              "if (notebookContainer) {{\n",
              "    x.observe(notebookContainer, {childList: true});\n",
              "}}\n",
              "\n",
              "// Listen for the clearing of the current output cell\n",
              "var outputEl = gd.closest('.output');\n",
              "if (outputEl) {{\n",
              "    x.observe(outputEl, {childList: true});\n",
              "}}\n",
              "\n",
              "                        })                };                            </script>        </div>\n",
              "</body>\n",
              "</html>"
            ]
          },
          "metadata": {}
        }
      ],
      "source": [
        "#@title { vertical-output: true }\n",
        "\n",
        "\"\"\"\n",
        "\n",
        "  Example n values:\n",
        "    n = 3: Ace/King/Queen\n",
        "    n = 6: Dice\n",
        "    n = 13: Full Suit Poker\n",
        "    n = 1000: Roughly continuous\n",
        "\n",
        "  Iterating for cutoff ranges of [1, test_range]\n",
        "\n",
        "\"\"\"\n",
        "n = 30\n",
        "test_range = n\n",
        "p1_expected_payout, p2_expected_payout = 0, 0\n",
        "trials = nCr(n)\n",
        "\n",
        "def test_cutoffs(p1_cutoff, p2_cutoff):\n",
        "\n",
        "  start_time = time.time()\n",
        "\n",
        "  global p1_expected_payout\n",
        "  global p2_expected_payout\n",
        "\n",
        "  p1_expected_payout = 0\n",
        "  p2_expected_payout = 0\n",
        "\n",
        "  # Testing every possible 'card' for Player A and Player B\n",
        "  for p1_card in range(1, n + 1):\n",
        "    for p2_card in range(1, n + 1):\n",
        "\n",
        "      if p1_card == p2_card: continue\n",
        "\n",
        "      # Player A in betting region, Player B in betting region\n",
        "      if p1_card >= p1_cutoff and p2_card >= p2_cutoff:\n",
        "\n",
        "        # Case BBW\n",
        "        if p1_card > p2_card:       # Player A wins showdown\n",
        "          p1_expected_payout += 2\n",
        "          p2_expected_payout -= 2\n",
        "\n",
        "        # Case BBL\n",
        "        else:                       # Player B wins showdown\n",
        "          p1_expected_payout -= 2\n",
        "          p2_expected_payout += 2\n",
        "\n",
        "      # Player A in folding region, Player B in folding region\n",
        "      elif p1_card < p1_cutoff and p2_card < p2_cutoff:\n",
        "\n",
        "        # Case FFW\n",
        "        if p1_card > p2_card:       # Player A wins showdown\n",
        "          p1_expected_payout += 1\n",
        "          p2_expected_payout -= 1\n",
        "\n",
        "        # Case FFL\n",
        "        else:                       # Player B wins showdown\n",
        "          p1_expected_payout -= 1\n",
        "          p2_expected_payout += 1\n",
        "\n",
        "      # Player A in betting region, Player B in folding region | Player B forfeits, Player A wins by default\n",
        "      elif p1_card >= p1_cutoff:\n",
        "\n",
        "        # Case BFW\n",
        "        p1_expected_payout += 1\n",
        "        p2_expected_payout -= 1\n",
        "\n",
        "      # Player A in folding region, Player B in betting region | Player A forfeits, Player B wins by default\n",
        "      elif p2_card >= p2_cutoff:\n",
        "\n",
        "        # Case FBL\n",
        "        p1_expected_payout -= 1\n",
        "        p2_expected_payout += 1\n",
        "\n",
        "  return time.time() - start_time\n",
        "\n",
        "log_data = []\n",
        "start_time = time.time()\n",
        "\n",
        "'''\n",
        "  Testing all possible cutoffs\n",
        "  A cutoff is defined as the minimum value a player must have in order to bet\n",
        "'''\n",
        "for p1_test_cutoff in range(1, test_range + 1):\n",
        "  for p2_test_cutoff in range(1, test_range + 1):\n",
        "    timeTaken = test_cutoffs(p1_test_cutoff, p2_test_cutoff)\n",
        "    # timeTaken = test_cutoffs(p1_test_cutoff, n / 2)\n",
        "    log(p1_test_cutoff,\n",
        "        p2_test_cutoff,\n",
        "        # p1_expected_payout / trials,\n",
        "        # p2_expected_payout / trials,\n",
        "        p1_expected_payout,\n",
        "        p2_expected_payout,\n",
        "        timeTaken,\n",
        "        verbose=False)\n",
        "\n",
        "boxed(f\"Executed all iterations in {round(time.time() - start_time, 3)} seconds.\\n\")\n",
        "\n",
        "# Add flags as necessary (P1, P2)\n",
        "# graph_scatter_3d(P1)\n",
        "graph_contour_3d(P1)\n",
        "# graph_2d(P1)\n",
        "# expected_payoffs_table(P1)\n",
        "save()"
      ]
    },
    {
      "cell_type": "markdown",
      "source": [
        "# 2. Determining if Cutoff Strategy is Dominiant\n",
        "\n",
        "This code iterates over all 2^n pure strategies for both players and checks to see if the Cutoff Strategy payout yields is greater than or equal to the payout by any other strategy. We find that the Cutoff Strategy is ***not*** a dominant strategy.\n"
      ],
      "metadata": {
        "id": "hbMDMPuePQQL"
      }
    },
    {
      "cell_type": "code",
      "source": [
        "#@title { vertical-output: true }\n",
        "\n",
        "\n",
        "import itertools\n",
        "\n",
        "n = 3\n",
        "\n",
        "def indices_of_max(data):\n",
        "    if not data: return []\n",
        "    max_value = max(data)\n",
        "    return [index for index, value in enumerate(data) if value == max_value]\n",
        "\n",
        "def test_betting_strategies(p1_hands, p2_hands):\n",
        "    p1_payouts = []\n",
        "    p1_strategies = []\n",
        "\n",
        "    for p2_betting_set in p2_hands:\n",
        "        p1_payouts.clear()\n",
        "        p1_strategies.clear()\n",
        "\n",
        "        for p1_betting_set in p1_hands:\n",
        "            p1_expected_payout = 0\n",
        "            p2_expected_payout = 0\n",
        "\n",
        "            for p1_card in range(1, n + 1):\n",
        "                for p2_card in range(1, n + 1):\n",
        "                    if p1_card == p2_card:\n",
        "                        continue\n",
        "\n",
        "                    if (p1_card in p1_betting_set) and (p2_card in p2_betting_set):\n",
        "                        if p1_card > p2_card:\n",
        "                            p1_expected_payout += 2\n",
        "                            p2_expected_payout -= 2\n",
        "                        else:\n",
        "                            p1_expected_payout -= 2\n",
        "                            p2_expected_payout += 2\n",
        "\n",
        "                    elif (p1_card not in p1_betting_set) and (p2_card not in p2_betting_set):\n",
        "                        if p1_card > p2_card:\n",
        "                            p1_expected_payout += 1\n",
        "                            p2_expected_payout -= 1\n",
        "                        else:\n",
        "                            p1_expected_payout -= 1\n",
        "                            p2_expected_payout += 1\n",
        "\n",
        "                    elif (p1_card in p1_betting_set) and (p2_card not in p2_betting_set):\n",
        "                        p2_expected_payout -= 1\n",
        "                        p1_expected_payout += 1\n",
        "\n",
        "                    elif (p1_card not in p1_betting_set) and (p2_card in p2_betting_set):\n",
        "                        p2_expected_payout += 1\n",
        "                        p1_expected_payout -= 1\n",
        "\n",
        "            p1_strategies.append(p1_betting_set)\n",
        "            p1_payouts.append(p1_expected_payout)\n",
        "\n",
        "        p1_maxes = indices_of_max(p1_payouts)\n",
        "        bad_strategies = []\n",
        "        bad_payouts = 2\n",
        "        is_possible = False\n",
        "\n",
        "        for index in p1_maxes:\n",
        "            strat = list(p1_strategies[index])\n",
        "            works = all(strat[len(strat) - i - 1] == n - i for i in range(len(strat)))\n",
        "\n",
        "            if works:\n",
        "                is_possible = True\n",
        "            else:\n",
        "                bad_strategies = p1_strategies[index]\n",
