{
  "nbformat": 4,
  "nbformat_minor": 0,
  "metadata": {
    "colab": {
      "provenance": [],
      "authorship_tag": "ABX9TyO15Mw+tMtmQqj5IFFt7uOh",
      "include_colab_link": true
    },
    "kernelspec": {
      "name": "python3",
      "display_name": "Python 3"
    },
    "language_info": {
      "name": "python"
    }
  },
  "cells": [
    {
      "cell_type": "markdown",
      "metadata": {
        "id": "view-in-github",
        "colab_type": "text"
      },
      "source": [
        "<a href=\"https://colab.research.google.com/github/aryan-cs/poker-like-games/blob/discrete-poker/simulations_and_visualizations.ipynb\" target=\"_parent\"><img src=\"https://colab.research.google.com/assets/colab-badge.svg\" alt=\"Open In Colab\"/></a>"
      ]
    },
    {
      "cell_type": "markdown",
      "source": [
        "# Exhaustive Simulations\n",
        "\n",
        "To begin understanding the Poker Model, we start by simulating every possible cutoff matchup for an arbitrary case of $n$. Due to the increase in computational power Python offers, we are no longer limited to the case $n = 3$, and can thus increase $n$ to values such as $n = 100$, where we begin to see asympototic behavior resemblant of the original, continuous Poker model."
      ],
      "metadata": {
        "id": "Dys017sDnYzQ"
      }
    },
    {
      "cell_type": "markdown",
      "source": [
        "## Helper Functions"
      ],
      "metadata": {
        "id": "8zcY5hNIsS-9"
      }
    },
    {
      "cell_type": "code",
      "source": [
        "from fractions import Fraction\n",
        "\n",
        "P1, P2 = True, True\n",
        "RED = \"#ff2684\"\n",
        "BLUE = \"#19beff\"\n",
        "WHITE = \"#ebebeb\"\n",
        "GRAY = \"#858585\"\n",
        "\n",
        "def decimal_to_fraction(decimal, max_denominator=10):\n",
        "  if decimal == 0: return 0\n",
        "  fraction = Fraction(decimal).limit_denominator(max_denominator)\n",
        "  return f\"{fraction.numerator}/{fraction.denominator}\"\n",
        "\n",
        "def boxed(text):\n",
        "  lines = text.splitlines()\n",
        "  if lines and lines[0] == \"\": lines = lines[1:]\n",
        "  if not lines: return\n",
        "\n",
        "  max_width = max(map(len, lines))\n",
        "\n",
        "  print(\"┌\" + \"─\" * (max_width + 2) + \"┐\")\n",
        "  for line in lines:\n",
        "    print(f\"│ {line.ljust(max_width)} │\")\n",
        "  print(\"└\" + \"─\" * (max_width + 2) + \"┘\")\n",
        "\n",
        "def number_of_possible_hands_with(n):\n",
        "  return n * (n - 1)\n",
        "\n",
        "cache = []\n",
        "\n",
        "def memoize(kA, kB, EA, EB, verbose=True):\n",
        "  cache.append({\n",
        "      'kA': kA,\n",
        "      'kB': kB,\n",
        "      'EA': EA,\n",
        "      'EB': EB,\n",
        "  })\n",
        "\n",
        "  if verbose:\n",
        "    message = '''\n",
        "(kA, kB): ({0}, {1})\n",
        "(EA, EB): ({2}, {3})\n",
        "'''.format(kA,\n",
        "          kB,\n",
        "          decimal_to_fraction(EA),\n",
        "          decimal_to_fraction(EB))\n",
        "    boxed(message)\n",
        "\n",
        "def save():\n",
        "    df = pd.DataFrame(cache)\n",
        "    df.to_csv('data.csv', index=False)"
      ],
      "metadata": {
        "id": "Z6-j5KFhrc20"
      },
      "execution_count": 175,
      "outputs": []
    },
    {
      "cell_type": "markdown",
      "source": [
        "## Calculating Payouts\n",
        "\n",
        "Terminology & Naming  \n",
        "```kA``` = $k_A$  \n",
        "```kB``` = $k_B$  \n",
        "```EA``` = $\\mathbb{E}_A(k_A)$  \n",
        "```EB``` = $\\mathbb{E}_B(k_B)$"
      ],
      "metadata": {
        "id": "WRCwdf-RsW2h"
      }
    },
    {
      "cell_type": "code",
      "execution_count": 216,
      "metadata": {
        "colab": {
          "base_uri": "https://localhost:8080/"
        },
        "id": "0U1TQ31HnUsX",
        "outputId": "b442439a-fadb-41c6-8bdc-d7219a139afe"
      },
      "outputs": [
        {
          "output_type": "stream",
          "name": "stdout",
          "text": [
            "┌──────────────────┐\n",
            "│ (kA, kB): (1, 1) │\n",
            "│ (EA, EB): (0, 0) │\n",
            "└──────────────────┘\n",
            "┌───────────────────────┐\n",
            "│ (kA, kB): (1, 2)      │\n",
            "│ (EA, EB): (-1/3, 1/3) │\n",
            "└───────────────────────┘\n",
            "┌──────────────────┐\n",
            "│ (kA, kB): (1, 3) │\n",
            "│ (EA, EB): (0, 0) │\n",
            "└──────────────────┘\n",
            "┌───────────────────────┐\n",
            "│ (kA, kB): (2, 1)      │\n",
            "│ (EA, EB): (1/3, -1/3) │\n",
            "└───────────────────────┘\n",
            "┌──────────────────┐\n",
            "│ (kA, kB): (2, 2) │\n",
            "│ (EA, EB): (0, 0) │\n",
            "└──────────────────┘\n",
            "┌───────────────────────┐\n",
            "│ (kA, kB): (2, 3)      │\n",
            "│ (EA, EB): (-1/6, 1/6) │\n",
            "└───────────────────────┘\n",
            "┌──────────────────┐\n",
            "│ (kA, kB): (3, 1) │\n",
            "│ (EA, EB): (0, 0) │\n",
            "└──────────────────┘\n",
            "┌───────────────────────┐\n",
            "│ (kA, kB): (3, 2)      │\n",
            "│ (EA, EB): (1/6, -1/6) │\n",
            "└───────────────────────┘\n",
            "┌──────────────────┐\n",
            "│ (kA, kB): (3, 3) │\n",
            "│ (EA, EB): (0, 0) │\n",
            "└──────────────────┘\n",
            "┌─────────────────────────────────────────────┐\n",
            "│ Executed all iterations in 0.02102 seconds. │\n",
            "└─────────────────────────────────────────────┘\n"
          ]
        }
      ],
      "source": [
        "#@title { vertical-output: true }\n",
        "\n",
        "import time\n",
        "\n",
        "def test_cutoffs(kA, kB):\n",
        "  start_time = time.time()\n",
        "\n",
        "  global EA\n",
        "  global EB\n",
        "\n",
        "  EA = 0\n",
        "  EB = 0\n",
        "\n",
        "  # Testing every possible 'card' for Player A and Player B\n",
        "  for cA in range(1, n + 1):\n",
        "    for cB in range(1, n + 1):\n",
        "\n",
        "      if cA == cB: continue\n",
        "\n",
        "      # Player A in betting region, Player B in betting region\n",
        "      if cA >= kA and cB >= kB:\n",
        "\n",
        "        # Case BBW\n",
        "        if cA > cB:       # Player A wins showdown\n",
        "          EA += 2\n",
        "          EB -= 2\n",
        "\n",
        "        # Case BBL\n",
        "        else:                       # Player B wins showdown\n",
        "          EA -= 2\n",
        "          EB += 2\n",
        "\n",
        "      # Player A in folding region, Player B in folding region\n",
        "      elif cA < kA and cB < kB:\n",
        "\n",
        "        # Case FFW\n",
        "        if cA > cB:       # Player A wins showdown\n",
        "          EA += 1\n",
        "          EB -= 1\n",
        "\n",
        "        # Case FFL\n",
        "        else:                       # Player B wins showdown\n",
        "          EA -= 1\n",
        "          EB += 1\n",
        "\n",
        "      # Player A in betting region, Player B in folding region | Player B forfeits, Player A wins by default\n",
        "      elif cA >= kA and cB < kB:\n",
        "\n",
        "        # Case BFW\n",
        "        EA += 1\n",
        "        EB -= 1\n",
        "\n",
        "      # Player A in folding region, Player B in betting region | Player A forfeits, Player B wins by default\n",
        "      elif cB >= kB and cA < kA:\n",
        "\n",
        "        # Case FBL\n",
        "        EA -= 1\n",
        "        EB += 1\n",
        "  return EA, EB\n",
        "\n",
        "start_time = time.time()\n",
        "cache = []\n",
        "n = 3\n",
        "trials = number_of_possible_hands_with(n)\n",
        "\n",
        "for kA in range(1, n + 1):\n",
        "  for kB in range(1, n + 1):\n",
        "     #NOTE: If graphing level curves, fix either kA or kB\n",
        "    # EA, EB = test_cutoffs(kA, 10)\n",
        "    EA, EB = test_cutoffs(kA, kB)\n",
        "    memoize(kA, kB,\n",
        "            EA / trials,\n",
        "            EB / trials)\n",
        "\n",
        "save()\n",
        "\n",
        "boxed(f\"Executed all iterations in {round(time.time() - start_time, 5)} seconds.\\n\")"
      ]
    },
    {
      "cell_type": "markdown",
      "source": [
        "# Visualizing Expected Payout\n",
        "\n",
        "To gain some intuition for the relationship between a player's strategy and their expected payout, we can graph the expectation as a function of cutoff and analyze the changes in the function."
      ],
      "metadata": {
        "id": "VD0b15V6uy-t"
      }
    },
    {
      "cell_type": "markdown",
      "source": [
        "## 3D Contour Plot"
      ],
      "metadata": {
        "id": "4BWEROjFxcSx"
      }
    },
    {
      "cell_type": "code",
      "source": [
        "#@title { vertical-output: true }\n",
        "\n",
        "import pandas as pd\n",
        "import plotly.graph_objects as go\n",
        "import numpy as np\n",
        "\n",
        "def contour_plot(p1=False, p2=False):\n",
        "    df = pd.DataFrame(cache).groupby(['kA', 'kB'], as_index=False).mean()\n",
        "    fig = go.Figure()\n",
        "\n",
        "    x = np.unique(df['kA'])\n",
        "    y = np.unique(df['kB'])\n",
        "    X, Y = np.meshgrid(x, y)\n",
        "\n",
        "    if p1:\n",
        "        Z1 = df.pivot_table(\n",
        "            index='kB',\n",
        "            columns='kA',\n",
        "            values='EA').values\n",
        "        fig.add_trace(go.Surface(x=X, y=Y, z=Z1,\n",
        "                                 colorscale='Blues',\n",
        "                                 opacity=0.9,\n",
        "                                 name=\"Player A\",\n",
        "                                 showscale=False))\n",
        "\n",
        "    if p2:\n",
        "        Z2 = df.pivot_table(\n",
        "            index='kB',\n",
        "            columns='kA',\n",
        "            values='EB').values\n",
        "        fig.add_trace(go.Surface(x=X, y=Y, z=Z2,\n",
        "                                 colorscale='Reds',\n",
        "                                 opacity=0.9,\n",
        "                                 name=\"Player B\",\n",
        "                                 showscale=False))\n",
        "\n",
        "    fig.update_layout(\n",
        "        scene=dict(\n",
        "            xaxis_title='kA',\n",
        "            yaxis_title='kB',\n",
        "            zaxis_title='E'\n",
        "        ),\n",
        "        showlegend=False\n",
        "    )\n",
        "\n",
        "    fig.show()\n",
        "\n",
        "contour_plot(p1=True, p2=False)"
      ],
      "metadata": {
        "colab": {
          "base_uri": "https://localhost:8080/",
          "height": 542
        },
        "id": "EJ3JepqJu2t9",
        "outputId": "4c22b6a0-0b22-473f-8a51-dc07cc0655b1"
      },
      "execution_count": 192,
      "outputs": [
        {
          "output_type": "display_data",
          "data": {
            "text/html": [
              "<html>\n",
              "<head><meta charset=\"utf-8\" /></head>\n",
              "<body>\n",
              "    <div>            <script src=\"https://cdnjs.cloudflare.com/ajax/libs/mathjax/2.7.5/MathJax.js?config=TeX-AMS-MML_SVG\"></script><script type=\"text/javascript\">if (window.MathJax && window.MathJax.Hub && window.MathJax.Hub.Config) {window.MathJax.Hub.Config({SVG: {font: \"STIX-Web\"}});}</script>                <script type=\"text/javascript\">window.PlotlyConfig = {MathJaxConfig: 'local'};</script>\n",
              "        <script charset=\"utf-8\" src=\"https://cdn.plot.ly/plotly-2.35.2.min.js\"></script>                <div id=\"1672f728-b5f9-4261-89f2-91b103882fda\" class=\"plotly-graph-div\" style=\"height:525px; width:100%;\"></div>            <script type=\"text/javascript\">                                    window.PLOTLYENV=window.PLOTLYENV || {};                                    if (document.getElementById(\"1672f728-b5f9-4261-89f2-91b103882fda\")) {                    Plotly.newPlot(                        \"1672f728-b5f9-4261-89f2-91b103882fda\",                        [{\"colorscale\":[[0.0,\"rgb(247,251,255)\"],[0.125,\"rgb(222,235,247)\"],[0.25,\"rgb(198,219,239)\"],[0.375,\"rgb(158,202,225)\"],[0.5,\"rgb(107,174,214)\"],[0.625,\"rgb(66,146,198)\"],[0.75,\"rgb(33,113,181)\"],[0.875,\"rgb(8,81,156)\"],[1.0,\"rgb(8,48,107)\"]],\"name\":\"Player A\",\"opacity\":0.9,\"showscale\":false,\"x\":[[1,2,3,4,5,6,7,8,9,10,11,12,13,14,15,16,17,18,19,20],[1,2,3,4,5,6,7,8,9,10,11,12,13,14,15,16,17,18,19,20],[1,2,3,4,5,6,7,8,9,10,11,12,13,14,15,16,17,18,19,20],[1,2,3,4,5,6,7,8,9,10,11,12,13,14,15,16,17,18,19,20],[1,2,3,4,5,6,7,8,9,10,11,12,13,14,15,16,17,18,19,20],[1,2,3,4,5,6,7,8,9,10,11,12,13,14,15,16,17,18,19,20],[1,2,3,4,5,6,7,8,9,10,11,12,13,14,15,16,17,18,19,20],[1,2,3,4,5,6,7,8,9,10,11,12,13,14,15,16,17,18,19,20],[1,2,3,4,5,6,7,8,9,10,11,12,13,14,15,16,17,18,19,20],[1,2,3,4,5,6,7,8,9,10,11,12,13,14,15,16,17,18,19,20],[1,2,3,4,5,6,7,8,9,10,11,12,13,14,15,16,17,18,19,20],[1,2,3,4,5,6,7,8,9,10,11,12,13,14,15,16,17,18,19,20],[1,2,3,4,5,6,7,8,9,10,11,12,13,14,15,16,17,18,19,20],[1,2,3,4,5,6,7,8,9,10,11,12,13,14,15,16,17,18,19,20],[1,2,3,4,5,6,7,8,9,10,11,12,13,14,15,16,17,18,19,20],[1,2,3,4,5,6,7,8,9,10,11,12,13,14,15,16,17,18,19,20],[1,2,3,4,5,6,7,8,9,10,11,12,13,14,15,16,17,18,19,20],[1,2,3,4,5,6,7,8,9,10,11,12,13,14,15,16,17,18,19,20],[1,2,3,4,5,6,7,8,9,10,11,12,13,14,15,16,17,18,19,20],[1,2,3,4,5,6,7,8,9,10,11,12,13,14,15,16,17,18,19,20]],\"y\":[[1,1,1,1,1,1,1,1,1,1,1,1,1,1,1,1,1,1,1,1],[2,2,2,2,2,2,2,2,2,2,2,2,2,2,2,2,2,2,2,2],[3,3,3,3,3,3,3,3,3,3,3,3,3,3,3,3,3,3,3,3],[4,4,4,4,4,4,4,4,4,4,4,4,4,4,4,4,4,4,4,4],[5,5,5,5,5,5,5,5,5,5,5,5,5,5,5,5,5,5,5,5],[6,6,6,6,6,6,6,6,6,6,6,6,6,6,6,6,6,6,6,6],[7,7,7,7,7,7,7,7,7,7,7,7,7,7,7,7,7,7,7,7],[8,8,8,8,8,8,8,8,8,8,8,8,8,8,8,8,8,8,8,8],[9,9,9,9,9,9,9,9,9,9,9,9,9,9,9,9,9,9,9,9],[10,10,10,10,10,10,10,10,10,10,10,10,10,10,10,10,10,10,10,10],[11,11,11,11,11,11,11,11,11,11,11,11,11,11,11,11,11,11,11,11],[12,12,12,12,12,12,12,12,12,12,12,12,12,12,12,12,12,12,12,12],[13,13,13,13,13,13,13,13,13,13,13,13,13,13,13,13,13,13,13,13],[14,14,14,14,14,14,14,14,14,14,14,14,14,14,14,14,14,14,14,14],[15,15,15,15,15,15,15,15,15,15,15,15,15,15,15,15,15,15,15,15],[16,16,16,16,16,16,16,16,16,16,16,16,16,16,16,16,16,16,16,16],[17,17,17,17,17,17,17,17,17,17,17,17,17,17,17,17,17,17,17,17],[18,18,18,18,18,18,18,18,18,18,18,18,18,18,18,18,18,18,18,18],[19,19,19,19,19,19,19,19,19,19,19,19,19,19,19,19,19,19,19,19],[20,20,20,20,20,20,20,20,20,20,20,20,20,20,20,20,20,20,20,20]],\"z\":[[0.0,0.05,0.08947368421052632,0.11842105263157894,0.1368421052631579,0.14473684210526316,0.14210526315789473,0.12894736842105264,0.10526315789473684,0.07105263157894737,0.02631578947368421,-0.02894736842105263,-0.09473684210526316,-0.17105263157894737,-0.2578947368421053,-0.35526315789473684,-0.4631578947368421,-0.5815789473684211,-0.7105263157894737,-0.85],[-0.05,0.0,0.04736842105263158,0.08421052631578947,0.11052631578947368,0.12631578947368421,0.13157894736842105,0.12631578947368421,0.11052631578947368,0.08421052631578947,0.04736842105263158,0.0,-0.05789473684210526,-0.12631578947368421,-0.20526315789473684,-0.29473684210526313,-0.39473684210526316,-0.5052631578947369,-0.6263157894736842,-0.7578947368421053],[-0.08947368421052632,-0.04736842105263158,0.0,0.04473684210526316,0.07894736842105263,0.10263157894736842,0.11578947368421053,0.11842105263157894,0.11052631578947368,0.09210526315789473,0.06315789473684211,0.02368421052631579,-0.02631578947368421,-0.0868421052631579,-0.15789473684210525,-0.2394736842105263,-0.33157894736842103,-0.4342105263157895,-0.5473684210526316,-0.6710526315789473],[-0.11842105263157894,-0.08421052631578947,-0.04473684210526316,0.0,0.042105263157894736,0.07368421052631578,0.09473684210526316,0.10526315789473684,0.10526315789473684,0.09473684210526316,0.07368421052631578,0.042105263157894736,0.0,-0.05263157894736842,-0.11578947368421053,-0.18947368421052632,-0.2736842105263158,-0.3684210526315789,-0.47368421052631576,-0.5894736842105263],[-0.1368421052631579,-0.11052631578947368,-0.07894736842105263,-0.042105263157894736,0.0,0.039473684210526314,0.06842105263157895,0.0868421052631579,0.09473684210526316,0.09210526315789473,0.07894736842105263,0.05526315789473684,0.021052631578947368,-0.02368421052631579,-0.07894736842105263,-0.14473684210526316,-0.22105263157894736,-0.3078947368421053,-0.4052631578947368,-0.5131578947368421],[-0.14473684210526316,-0.12631578947368421,-0.10263157894736842,-0.07368421052631578,-0.039473684210526314,0.0,0.03684210526315789,0.06315789473684211,0.07894736842105263,0.08421052631578947,0.07894736842105263,0.06315789473684211,0.03684210526315789,0.0,-0.04736842105263158,-0.10526315789473684,-0.1736842105263158,-0.25263157894736843,-0.34210526315789475,-0.4421052631578947],[-0.14210526315789473,-0.13157894736842105,-0.11578947368421053,-0.09473684210526316,-0.06842105263157895,-0.03684210526315789,0.0,0.034210526315789476,0.05789473684210526,0.07105263157894737,0.07368421052631578,0.06578947368421052,0.04736842105263158,0.018421052631578946,-0.021052631578947368,-0.07105263157894737,-0.13157894736842105,-0.2026315789473684,-0.28421052631578947,-0.3763157894736842],[-0.12894736842105264,-0.12631578947368421,-0.11842105263157894,-0.10526315789473684,-0.0868421052631579,-0.06315789473684211,-0.034210526315789476,0.0,0.031578947368421054,0.05263157894736842,0.06315789473684211,0.06315789473684211,0.05263157894736842,0.031578947368421054,0.0,-0.042105263157894736,-0.09473684210526316,-0.15789473684210525,-0.23157894736842105,-0.3157894736842105],[-0.10526315789473684,-0.11052631578947368,-0.11052631578947368,-0.10526315789473684,-0.09473684210526316,-0.07894736842105263,-0.05789473684210526,-0.031578947368421054,0.0,0.02894736842105263,0.04736842105263158,0.05526315789473684,0.05263157894736842,0.039473684210526314,0.015789473684210527,-0.018421052631578946,-0.06315789473684211,-0.11842105263157894,-0.18421052631578946,-0.26052631578947366],[-0.07105263157894737,-0.08421052631578947,-0.09210526315789473,-0.09473684210526316,-0.09210526315789473,-0.08421052631578947,-0.07105263157894737,-0.05263157894736842,-0.02894736842105263,0.0,0.02631578947368421,0.042105263157894736,0.04736842105263158,0.042105263157894736,0.02631578947368421,0.0,-0.03684210526315789,-0.08421052631578947,-0.14210526315789473,-0.21052631578947367],[-0.02631578947368421,-0.04736842105263158,-0.06315789473684211,-0.07368421052631578,-0.07894736842105263,-0.07894736842105263,-0.07368421052631578,-0.06315789473684211,-0.04736842105263158,-0.02631578947368421,0.0,0.02368421052631579,0.03684210526315789,0.039473684210526314,0.031578947368421054,0.013157894736842105,-0.015789473684210527,-0.05526315789473684,-0.10526315789473684,-0.16578947368421051],[0.02894736842105263,0.0,-0.02368421052631579,-0.042105263157894736,-0.05526315789473684,-0.06315789473684211,-0.06578947368421052,-0.06315789473684211,-0.05526315789473684,-0.042105263157894736,-0.02368421052631579,0.0,0.021052631578947368,0.031578947368421054,0.031578947368421054,0.021052631578947368,0.0,-0.031578947368421054,-0.07368421052631578,-0.12631578947368421],[0.09473684210526316,0.05789473684210526,0.02631578947368421,0.0,-0.021052631578947368,-0.03684210526315789,-0.04736842105263158,-0.05263157894736842,-0.05263157894736842,-0.04736842105263158,-0.03684210526315789,-0.021052631578947368,0.0,0.018421052631578946,0.02631578947368421,0.02368421052631579,0.010526315789473684,-0.013157894736842105,-0.04736842105263158,-0.09210526315789473],[0.17105263157894737,0.12631578947368421,0.0868421052631579,0.05263157894736842,0.02368421052631579,0.0,-0.018421052631578946,-0.031578947368421054,-0.039473684210526314,-0.042105263157894736,-0.039473684210526314,-0.031578947368421054,-0.018421052631578946,0.0,0.015789473684210527,0.021052631578947368,0.015789473684210527,0.0,-0.02631578947368421,-0.06315789473684211],[0.2578947368421053,0.20526315789473684,0.15789473684210525,0.11578947368421053,0.07894736842105263,0.04736842105263158,0.021052631578947368,0.0,-0.015789473684210527,-0.02631578947368421,-0.031578947368421054,-0.031578947368421054,-0.02631578947368421,-0.015789473684210527,0.0,0.013157894736842105,0.015789473684210527,0.007894736842105263,-0.010526315789473684,-0.039473684210526314],[0.35526315789473684,0.29473684210526313,0.2394736842105263,0.18947368421052632,0.14473684210526316,0.10526315789473684,0.07105263157894737,0.042105263157894736,0.018421052631578946,0.0,-0.013157894736842105,-0.021052631578947368,-0.02368421052631579,-0.021052631578947368,-0.013157894736842105,0.0,0.010526315789473684,0.010526315789473684,0.0,-0.021052631578947368],[0.4631578947368421,0.39473684210526316,0.33157894736842103,0.2736842105263158,0.22105263157894736,0.1736842105263158,0.13157894736842105,0.09473684210526316,0.06315789473684211,0.03684210526315789,0.015789473684210527,0.0,-0.010526315789473684,-0.015789473684210527,-0.015789473684210527,-0.010526315789473684,0.0,0.007894736842105263,0.005263157894736842,-0.007894736842105263],[0.5815789473684211,0.5052631578947369,0.4342105263157895,0.3684210526315789,0.3078947368421053,0.25263157894736843,0.2026315789473684,0.15789473684210525,0.11842105263157894,0.08421052631578947,0.05526315789473684,0.031578947368421054,0.013157894736842105,0.0,-0.007894736842105263,-0.010526315789473684,-0.007894736842105263,0.0,0.005263157894736842,0.0],[0.7105263157894737,0.6263157894736842,0.5473684210526316,0.47368421052631576,0.4052631578947368,0.34210526315789475,0.28421052631578947,0.23157894736842105,0.18421052631578946,0.14210526315789473,0.10526315789473684,0.07368421052631578,0.04736842105263158,0.02631578947368421,0.010526315789473684,0.0,-0.005263157894736842,-0.005263157894736842,0.0,0.002631578947368421],[0.85,0.7578947368421053,0.6710526315789473,0.5894736842105263,0.5131578947368421,0.4421052631578947,0.3763157894736842,0.3157894736842105,0.26052631578947366,0.21052631578947367,0.16578947368421051,0.12631578947368421,0.09210526315789473,0.06315789473684211,0.039473684210526314,0.021052631578947368,0.007894736842105263,0.0,-0.002631578947368421,0.0]],\"type\":\"surface\"}],                        {\"template\":{\"data\":{\"histogram2dcontour\":[{\"type\":\"histogram2dcontour\",\"colorbar\":{\"outlinewidth\":0,\"ticks\":\"\"},\"colorscale\":[[0.0,\"#0d0887\"],[0.1111111111111111,\"#46039f\"],[0.2222222222222222,\"#7201a8\"],[0.3333333333333333,\"#9c179e\"],[0.4444444444444444,\"#bd3786\"],[0.5555555555555556,\"#d8576b\"],[0.6666666666666666,\"#ed7953\"],[0.7777777777777778,\"#fb9f3a\"],[0.8888888888888888,\"#fdca26\"],[1.0,\"#f0f921\"]]}],\"choropleth\":[{\"type\":\"choropleth\",\"colorbar\":{\"outlinewidth\":0,\"ticks\":\"\"}}],\"histogram2d\":[{\"type\":\"histogram2d\",\"colorbar\":{\"outlinewidth\":0,\"ticks\":\"\"},\"colorscale\":[[0.0,\"#0d0887\"],[0.1111111111111111,\"#46039f\"],[0.2222222222222222,\"#7201a8\"],[0.3333333333333333,\"#9c179e\"],[0.4444444444444444,\"#bd3786\"],[0.5555555555555556,\"#d8576b\"],[0.6666666666666666,\"#ed7953\"],[0.7777777777777778,\"#fb9f3a\"],[0.8888888888888888,\"#fdca26\"],[1.0,\"#f0f921\"]]}],\"heatmap\":[{\"type\":\"heatmap\",\"colorbar\":{\"outlinewidth\":0,\"ticks\":\"\"},\"colorscale\":[[0.0,\"#0d0887\"],[0.1111111111111111,\"#46039f\"],[0.2222222222222222,\"#7201a8\"],[0.3333333333333333,\"#9c179e\"],[0.4444444444444444,\"#bd3786\"],[0.5555555555555556,\"#d8576b\"],[0.6666666666666666,\"#ed7953\"],[0.7777777777777778,\"#fb9f3a\"],[0.8888888888888888,\"#fdca26\"],[1.0,\"#f0f921\"]]}],\"heatmapgl\":[{\"type\":\"heatmapgl\",\"colorbar\":{\"outlinewidth\":0,\"ticks\":\"\"},\"colorscale\":[[0.0,\"#0d0887\"],[0.1111111111111111,\"#46039f\"],[0.2222222222222222,\"#7201a8\"],[0.3333333333333333,\"#9c179e\"],[0.4444444444444444,\"#bd3786\"],[0.5555555555555556,\"#d8576b\"],[0.6666666666666666,\"#ed7953\"],[0.7777777777777778,\"#fb9f3a\"],[0.8888888888888888,\"#fdca26\"],[1.0,\"#f0f921\"]]}],\"contourcarpet\":[{\"type\":\"contourcarpet\",\"colorbar\":{\"outlinewidth\":0,\"ticks\":\"\"}}],\"contour\":[{\"type\":\"contour\",\"colorbar\":{\"outlinewidth\":0,\"ticks\":\"\"},\"colorscale\":[[0.0,\"#0d0887\"],[0.1111111111111111,\"#46039f\"],[0.2222222222222222,\"#7201a8\"],[0.3333333333333333,\"#9c179e\"],[0.4444444444444444,\"#bd3786\"],[0.5555555555555556,\"#d8576b\"],[0.6666666666666666,\"#ed7953\"],[0.7777777777777778,\"#fb9f3a\"],[0.8888888888888888,\"#fdca26\"],[1.0,\"#f0f921\"]]}],\"surface\":[{\"type\":\"surface\",\"colorbar\":{\"outlinewidth\":0,\"ticks\":\"\"},\"colorscale\":[[0.0,\"#0d0887\"],[0.1111111111111111,\"#46039f\"],[0.2222222222222222,\"#7201a8\"],[0.3333333333333333,\"#9c179e\"],[0.4444444444444444,\"#bd3786\"],[0.5555555555555556,\"#d8576b\"],[0.6666666666666666,\"#ed7953\"],[0.7777777777777778,\"#fb9f3a\"],[0.8888888888888888,\"#fdca26\"],[1.0,\"#f0f921\"]]}],\"mesh3d\":[{\"type\":\"mesh3d\",\"colorbar\":{\"outlinewidth\":0,\"ticks\":\"\"}}],\"scatter\":[{\"fillpattern\":{\"fillmode\":\"overlay\",\"size\":10,\"solidity\":0.2},\"type\":\"scatter\"}],\"parcoords\":[{\"type\":\"parcoords\",\"line\":{\"colorbar\":{\"outlinewidth\":0,\"ticks\":\"\"}}}],\"scatterpolargl\":[{\"type\":\"scatterpolargl\",\"marker\":{\"colorbar\":{\"outlinewidth\":0,\"ticks\":\"\"}}}],\"bar\":[{\"error_x\":{\"color\":\"#2a3f5f\"},\"error_y\":{\"color\":\"#2a3f5f\"},\"marker\":{\"line\":{\"color\":\"#E5ECF6\",\"width\":0.5},\"pattern\":{\"fillmode\":\"overlay\",\"size\":10,\"solidity\":0.2}},\"type\":\"bar\"}],\"scattergeo\":[{\"type\":\"scattergeo\",\"marker\":{\"colorbar\":{\"outlinewidth\":0,\"ticks\":\"\"}}}],\"scatterpolar\":[{\"type\":\"scatterpolar\",\"marker\":{\"colorbar\":{\"outlinewidth\":0,\"ticks\":\"\"}}}],\"histogram\":[{\"marker\":{\"pattern\":{\"fillmode\":\"overlay\",\"size\":10,\"solidity\":0.2}},\"type\":\"histogram\"}],\"scattergl\":[{\"type\":\"scattergl\",\"marker\":{\"colorbar\":{\"outlinewidth\":0,\"ticks\":\"\"}}}],\"scatter3d\":[{\"type\":\"scatter3d\",\"line\":{\"colorbar\":{\"outlinewidth\":0,\"ticks\":\"\"}},\"marker\":{\"colorbar\":{\"outlinewidth\":0,\"ticks\":\"\"}}}],\"scattermapbox\":[{\"type\":\"scattermapbox\",\"marker\":{\"colorbar\":{\"outlinewidth\":0,\"ticks\":\"\"}}}],\"scatterternary\":[{\"type\":\"scatterternary\",\"marker\":{\"colorbar\":{\"outlinewidth\":0,\"ticks\":\"\"}}}],\"scattercarpet\":[{\"type\":\"scattercarpet\",\"marker\":{\"colorbar\":{\"outlinewidth\":0,\"ticks\":\"\"}}}],\"carpet\":[{\"aaxis\":{\"endlinecolor\":\"#2a3f5f\",\"gridcolor\":\"white\",\"linecolor\":\"white\",\"minorgridcolor\":\"white\",\"startlinecolor\":\"#2a3f5f\"},\"baxis\":{\"endlinecolor\":\"#2a3f5f\",\"gridcolor\":\"white\",\"linecolor\":\"white\",\"minorgridcolor\":\"white\",\"startlinecolor\":\"#2a3f5f\"},\"type\":\"carpet\"}],\"table\":[{\"cells\":{\"fill\":{\"color\":\"#EBF0F8\"},\"line\":{\"color\":\"white\"}},\"header\":{\"fill\":{\"color\":\"#C8D4E3\"},\"line\":{\"color\":\"white\"}},\"type\":\"table\"}],\"barpolar\":[{\"marker\":{\"line\":{\"color\":\"#E5ECF6\",\"width\":0.5},\"pattern\":{\"fillmode\":\"overlay\",\"size\":10,\"solidity\":0.2}},\"type\":\"barpolar\"}],\"pie\":[{\"automargin\":true,\"type\":\"pie\"}]},\"layout\":{\"autotypenumbers\":\"strict\",\"colorway\":[\"#636efa\",\"#EF553B\",\"#00cc96\",\"#ab63fa\",\"#FFA15A\",\"#19d3f3\",\"#FF6692\",\"#B6E880\",\"#FF97FF\",\"#FECB52\"],\"font\":{\"color\":\"#2a3f5f\"},\"hovermode\":\"closest\",\"hoverlabel\":{\"align\":\"left\"},\"paper_bgcolor\":\"white\",\"plot_bgcolor\":\"#E5ECF6\",\"polar\":{\"bgcolor\":\"#E5ECF6\",\"angularaxis\":{\"gridcolor\":\"white\",\"linecolor\":\"white\",\"ticks\":\"\"},\"radialaxis\":{\"gridcolor\":\"white\",\"linecolor\":\"white\",\"ticks\":\"\"}},\"ternary\":{\"bgcolor\":\"#E5ECF6\",\"aaxis\":{\"gridcolor\":\"white\",\"linecolor\":\"white\",\"ticks\":\"\"},\"baxis\":{\"gridcolor\":\"white\",\"linecolor\":\"white\",\"ticks\":\"\"},\"caxis\":{\"gridcolor\":\"white\",\"linecolor\":\"white\",\"ticks\":\"\"}},\"coloraxis\":{\"colorbar\":{\"outlinewidth\":0,\"ticks\":\"\"}},\"colorscale\":{\"sequential\":[[0.0,\"#0d0887\"],[0.1111111111111111,\"#46039f\"],[0.2222222222222222,\"#7201a8\"],[0.3333333333333333,\"#9c179e\"],[0.4444444444444444,\"#bd3786\"],[0.5555555555555556,\"#d8576b\"],[0.6666666666666666,\"#ed7953\"],[0.7777777777777778,\"#fb9f3a\"],[0.8888888888888888,\"#fdca26\"],[1.0,\"#f0f921\"]],\"sequentialminus\":[[0.0,\"#0d0887\"],[0.1111111111111111,\"#46039f\"],[0.2222222222222222,\"#7201a8\"],[0.3333333333333333,\"#9c179e\"],[0.4444444444444444,\"#bd3786\"],[0.5555555555555556,\"#d8576b\"],[0.6666666666666666,\"#ed7953\"],[0.7777777777777778,\"#fb9f3a\"],[0.8888888888888888,\"#fdca26\"],[1.0,\"#f0f921\"]],\"diverging\":[[0,\"#8e0152\"],[0.1,\"#c51b7d\"],[0.2,\"#de77ae\"],[0.3,\"#f1b6da\"],[0.4,\"#fde0ef\"],[0.5,\"#f7f7f7\"],[0.6,\"#e6f5d0\"],[0.7,\"#b8e186\"],[0.8,\"#7fbc41\"],[0.9,\"#4d9221\"],[1,\"#276419\"]]},\"xaxis\":{\"gridcolor\":\"white\",\"linecolor\":\"white\",\"ticks\":\"\",\"title\":{\"standoff\":15},\"zerolinecolor\":\"white\",\"automargin\":true,\"zerolinewidth\":2},\"yaxis\":{\"gridcolor\":\"white\",\"linecolor\":\"white\",\"ticks\":\"\",\"title\":{\"standoff\":15},\"zerolinecolor\":\"white\",\"automargin\":true,\"zerolinewidth\":2},\"scene\":{\"xaxis\":{\"backgroundcolor\":\"#E5ECF6\",\"gridcolor\":\"white\",\"linecolor\":\"white\",\"showbackground\":true,\"ticks\":\"\",\"zerolinecolor\":\"white\",\"gridwidth\":2},\"yaxis\":{\"backgroundcolor\":\"#E5ECF6\",\"gridcolor\":\"white\",\"linecolor\":\"white\",\"showbackground\":true,\"ticks\":\"\",\"zerolinecolor\":\"white\",\"gridwidth\":2},\"zaxis\":{\"backgroundcolor\":\"#E5ECF6\",\"gridcolor\":\"white\",\"linecolor\":\"white\",\"showbackground\":true,\"ticks\":\"\",\"zerolinecolor\":\"white\",\"gridwidth\":2}},\"shapedefaults\":{\"line\":{\"color\":\"#2a3f5f\"}},\"annotationdefaults\":{\"arrowcolor\":\"#2a3f5f\",\"arrowhead\":0,\"arrowwidth\":1},\"geo\":{\"bgcolor\":\"white\",\"landcolor\":\"#E5ECF6\",\"subunitcolor\":\"white\",\"showland\":true,\"showlakes\":true,\"lakecolor\":\"white\"},\"title\":{\"x\":0.05},\"mapbox\":{\"style\":\"light\"}}},\"scene\":{\"xaxis\":{\"title\":{\"text\":\"kA\"}},\"yaxis\":{\"title\":{\"text\":\"kB\"}},\"zaxis\":{\"title\":{\"text\":\"E\"}}},\"showlegend\":false},                        {\"responsive\": true}                    ).then(function(){\n",
              "                            \n",
              "var gd = document.getElementById('1672f728-b5f9-4261-89f2-91b103882fda');\n",
              "var x = new MutationObserver(function (mutations, observer) {{\n",
              "        var display = window.getComputedStyle(gd).display;\n",
              "        if (!display || display === 'none') {{\n",
              "            console.log([gd, 'removed!']);\n",
              "            Plotly.purge(gd);\n",
              "            observer.disconnect();\n",
              "        }}\n",
              "}});\n",
              "\n",
              "// Listen for the removal of the full notebook cells\n",
              "var notebookContainer = gd.closest('#notebook-container');\n",
              "if (notebookContainer) {{\n",
              "    x.observe(notebookContainer, {childList: true});\n",
              "}}\n",
              "\n",
              "// Listen for the clearing of the current output cell\n",
              "var outputEl = gd.closest('.output');\n",
              "if (outputEl) {{\n",
              "    x.observe(outputEl, {childList: true});\n",
              "}}\n",
              "\n",
              "                        })                };                            </script>        </div>\n",
              "</body>\n",
              "</html>"
            ]
          },
          "metadata": {}
        }
      ]
    },
    {
      "cell_type": "markdown",
      "source": [
        "## 3D Lattice"
      ],
      "metadata": {
        "id": "3rORgV7FxiAC"
      }
    },
    {
      "cell_type": "code",
      "source": [
        "#@title { vertical-output: true }\n",
        "\n",
        "import pandas as pd\n",
        "import plotly.graph_objects as go\n",
        "import numpy as np\n",
        "\n",
        "def lattice(p1=False, p2=False):\n",
        "    df = pd.DataFrame(cache)\n",
        "    fig = go.Figure()\n",
        "\n",
        "    if p1:\n",
        "        fig.add_trace(go.Scatter3d(\n",
        "            x=df['kA'],\n",
        "            y=df['kB'],\n",
        "            z=df['EA'],\n",
        "            mode='markers',\n",
        "            marker=dict(\n",
        "                size=4,\n",
        "                color=df['EA'],\n",
        "                colorscale='Blues',\n",
        "                showscale=False,\n",
        "            ),\n",
        "            name='Player A'\n",
        "        ))\n",
        "\n",
        "    if p2:\n",
        "        fig.add_trace(go.Scatter3d(\n",
        "            x=df['kA'],\n",
        "            y=df['kB'],\n",
        "            z=df['EB'],\n",
        "            mode='markers',\n",
        "            marker=dict(\n",
        "                size=4,\n",
        "                color=df['EA'],\n",
        "                colorscale='Reds',\n",
        "                showscale=False,\n",
        "            ),\n",
        "            name='Player B'\n",
        "        ))\n",
        "\n",
        "    fig.update_layout(\n",
        "        scene=dict(\n",
        "            xaxis_title='kA',\n",
        "            yaxis_title='kB',\n",
        "            zaxis_title='E'\n",
        "        ),\n",
        "        showlegend=False\n",
        "    )\n",
        "\n",
        "    fig.show()\n",
        "\n",
        "lattice(p1=True, p2=False)"
      ],
      "metadata": {
        "colab": {
          "base_uri": "https://localhost:8080/",
          "height": 542
        },
        "id": "Jn7AnIkrxkS7",
        "outputId": "580e77ee-64a0-4823-f648-9e3cf4c67165"
      },
      "execution_count": 193,
      "outputs": [
        {
          "output_type": "display_data",
          "data": {
            "text/html": [
              "<html>\n",
              "<head><meta charset=\"utf-8\" /></head>\n",
              "<body>\n",
              "    <div>            <script src=\"https://cdnjs.cloudflare.com/ajax/libs/mathjax/2.7.5/MathJax.js?config=TeX-AMS-MML_SVG\"></script><script type=\"text/javascript\">if (window.MathJax && window.MathJax.Hub && window.MathJax.Hub.Config) {window.MathJax.Hub.Config({SVG: {font: \"STIX-Web\"}});}</script>                <script type=\"text/javascript\">window.PlotlyConfig = {MathJaxConfig: 'local'};</script>\n",
